0
0
24531360
1276020168
23638815832
11686669360
9496874816
9496874816
9496874816
9496874816
9496874816
9496874816
9496874816
9496874816
9496874816
9496874816
9496874816
16621041832
9433611400
9433611400
9433611400
9433611400
9433611400
9433611400
9433611400
9433611400
9433611400
9433611400
9433611400
14695598264
10222603728
9442289104
9442289104
9442289104
9442289104
9442289104
9442289104
9442289104
9442289104
9442289104
9442289104
9442289104
13257188072
9486909408
9486909408
9486909408
9486909408
9486909408
9486909408
9486909408
9486909408
9486909408
9486909408
9363494480
16546191800
11687871448
9460234856
9460234856
9460234856
9460234856
9460234856
9460234856
9460234856
9460234856
9460234856
9460234856
9460234856
15398153264
10826826144
10826826144
10826826144
10826826144
10826826144
10826826144
10826826144
10826826144
10826826144
10826826144
10826826144
10826826144
10826826144
10826826144
9461198048
9470385312
9470385312
9470385312
9470385312
9470385312
9470385312
9470385312
9470385312
9470385312
9470385312
9470385312
11713571064
11713571064
11713571064
9264737952
9264737952
9264737952
9264737952
9264737952
9264737952
9264737952
9264737952
12717092832
14417255808
9437997896
9437997896
9437997896
9437997896
9437997896
9437997896
9437997896
9437997896
9437997896
9437997896
9437997896
14372644480
14372644480
9438631048
9438631048
9438631048
9438631048
9438631048
9438631048
9438631048
9438631048
9438631048
9438631048
9438631048
14372644480
14340785264
9462793008
9462793008
9462793008
9462793008
9462793008
9462793008
9462793008
9358739968
9358739968
9358739968
9358739968
14423892512
10148857744
9425866512
9425866512
9425866512
9425866512
9425866512
9425866512
9425866512
9425866512
9425866512
9425866512
14433931112
10098670264
10098670264
10098670264
10098670264
10098670264
10098670264
10098670264
10098670264
10098670264
10098670264
10098670264
10098670264
10098670264
10098670264
10098670264
9456344112
9456344112
9456344112
9456344112
9456344112
9456344112
9456344112
9456344112
9270300992
9270300992
9270300992
13768976504
9360131936
9421320520
9421320520
9421320520
9421320520
9421320520
9421320520
9421320520
9421320520
9421320520
9421320520
14344688440
14352849680
10091847136
10091847136
10091847136
10091847136
10091847136
10091847136
10091847136
10091847136
10091847136
10091847136
10091847136
10091847136
10091847136
14352849680
9400382312
9400382312
9400382312
9400382312
9400382312
9400382312
9400382312
9400382312
9400382312
9400382312
9400382312
9400382312
11596594680
11596594680
11596594680
11596594680
11347252240
11347252240
11347252240
11347252240
11347252240
11347252240
11347252240
11347252240
11596594680
11596594680
11596594680
11596594680
9442557000
9442557000
9442557000
9442557000
9442557000
9442557000
9442557000
9442557000
9442557000
9442557000
9442557000
12682017456
13849922608
13849922608
13849922608
13849922608
13849922608
13849922608
9477713168
9477713168
9477713168
9477713168
9477713168
9477713168
9477713168
9477713168
9477713168
9477713168
9477713168
13847263648
9267602672
9230067872
9230067872
9230067872
9230067872
9230067872
9230067872
9230067872
9230067872
9230067872
9230067872
10747810568
15077578112
10601421960
9331303152
9331303152
9331303152
9331303152
9331303152
9331303152
9331303152
9331303152
9331303152
9331303152
15077578112
14766781952
10382893376
10382893376
10382893376
10382893376
10382893376
10382893376
10382893376
10382893376
10382893376
10382893376
10382893376
10382893376
10382893376
10382893376
9520500296
9420014856
9420014856
9420014856
9304919976
9304919976
9304919976
9304919976
9304919976
9304919976
9304919976
9420014856
13830975000
13920510424
13920510424
13920510424
13920510424
13920510424
13920510424
9787858224
9407859304
9407859304
9407859304
9407859304
9407859304
9407859304
9407859304
9407859304
9407859304
9407859304
13920510424
14988220824
9436282104
9436282104
9436282104
9436282104
9436282104
9436282104
9436282104
9436282104
9436282104
9436282104
9436282104
14985786952
10536881192
9358853200
9358853200
9358853200
9358853200
9358853200
9358853200
9358853200
9358853200
9358853200
9358853200
9358853200
14560208000
10237646096
10237646096
10237646096
10237646096
10237646096
10237646096
10237646096
10237646096
10237646096
10237646096
10237646096
10237646096
10237646096
10237646096
14560208000
9448166992
9448166992
9448166992
9448166992
9448166992
9448166992
9448166992
9448166992
9448166992
9448166992
9448166992
11280464024
13881956512
13881956512
13881956512
13881956512
13881956512
13881956512
9511744568
9511744568
9511744568
9511744568
9511744568
9511744568
9511744568
9511744568
9511744568
9511744568
9511744568
13852988944
14369443504
14400142752
10125099704
10125099704
10125099704
10125099704
10125099704
10125099704
10125099704
10125099704
10125099704
10125099704
10125099704
10125099704
10125099704
9511689328
9451365896
9451365896
9451365896
9451365896
9451365896
9451365896
9451365896
9451365896
9451365896
9451365896
9451365896
12634439224
14034957656
14034957656
14034957656
14034957656
14034957656
14034957656
14034957656
9868329288
9868329288
9868329288
9868329288
9868329288
9868329288
9868329288
9868329288
9868329288
9868329288
9868329288
9868329288
9868329288
9868329288
9482281944
9441484024
9441484024
9441484024
9441484024
9441484024
9441484024
9441484024
9441484024
9441484024
9441484024
9441484024
13759415016
13759415016
13759415016
13759415016
13759415016
13759415016
9177081272
9177081272
9177081272
9177081272
9177081272
9177081272
9177081272
9177081272
9177081272
9177081272
9177081272
14100410520
14158734384
14158734384
14158734384
14158734384
14158734384
14158734384
9363426120
9363426120
9363426120
9363426120
9363426120
9363426120
9363426120
9363426120
9363426120
9363426120
9363426120
14683716824
10324488040
9370220248
9370220248
9370220248
9370220248
9370220248
9370220248
9370220248
9370220248
9370220248
9370220248
14683214864
14644444144
9386681512
9386681512
9386681512
9386681512
9386681512
9386681512
9386681512
9386681512
9386681512
9386681512
9386681512
14572197840
14631209400
10287568440
10287568440
9390521848
8509265392
8509265392
8509265392
8509265392
8509265392
8509265392
8509265392
8509265392
14631209400
14456251616
10164551904
10164551904
10164551904
10164551904
10164551904
10164551904
10164551904
10164551904
10164551904
10164551904
10164551904
10164551904
10164551904
10164551904
14456251616
9411975832
9411975832
9411975832
9411975832
9411975832
9411975832
9411975832
9411975832
9411975832
9411975832
9411975832
11371401776
13163061080
13163061080
13163061080
13163061080
13163061080
13163061080
9439228296
9439228296
9439228296
9439228296
9439228296
9439228296
9439228296
9439228296
9439228296
9439228296
9439228296
9439228296
9439228296
9439228296
9439228296
9439228296
9439228296
9439228296
9439228296
9439228296
9439228296
9439228296
9439228296
9439228296
9439228296
9439228296
9439228296
9439228296
9439228296
9439228296
9439228296
9439228296
9439228296
9439228296
9439228296
9439228296
9439228296
9439228296
9439228296
9439228296
9439228296
9439228296
9439228296
9439228296
9439228296
9439228296
9439228296
9439228296
9439228296
9439228296
9439228296
9439228296
9439228296
9439228296
9439228296
9439228296
9439228296
9439228296
9439228296
9439228296
9439228296
9439228296
9439228296
9439228296
9439228296
9439228296
9439228296
9439228296
9439228296
9439228296
9439228296
9439228296
9439228296
9439228296
9439228296
9439228296
9439228296
9439228296
9439228296
9439228296
9439228296
9439228296
9439228296
9439228296
9439228296
9439228296
9439228296
9439228296
9439228296
9439228296
9439228296
9439228296
9439228296
9439228296
9439228296
9439228296
9439228296
9439228296
9439228296
9439228296
9439228296
9439228296
9439228296
9439228296
9439228296
9439228296
9439228296
9439228296
9439228296
9439228296
9439228296
9439228296
9439228296
9439228296
9439228296
9439228296
9439228296
9439228296
9439228296
9439228296
9439228296
9439228296
9439228296
9439228296
9439228296
9439228296
9439228296
9439228296
9439228296
9439228296
9439228296
9439228296
9439228296
9439228296
9439228296
9439228296
9439228296
9439228296
9439228296
7990312744
7990312744
7990312744
7990312744
7990312744
7990312744
7990312744
7990312744
7990312744
7990312744
13163061080
14313909792
14313909792
14313909792
14313909792
10064467632
10064467632
10064467632
10064467632
10064467632
10064467632
10064467632
10064467632
10064467632
10064467632
10064467632
10064467632
10064467632
10064467632
9484537672
9410558312
9410558312
9410558312
9410558312
9410558312
9410558312
9410558312
9410558312
9410558312
9410558312
9410558312
13965659616
13965659616
13965659616
13965659616
13965659616
14041735216
14041735216
14041735216
9873094848
9453885384
9453885384
9453885384
9453885384
9453885384
9453885384
9453885384
9453885384
9453885384
9453885384
14041735216
14426017056
10143292640
10143292640
10143292640
10143292640
10143292640
10143292640
10143292640
10143292640
10143292640
10143292640
10143292640
10143292640
10143292640
10143292640
9476845944
9426800008
9426800008
9426800008
9426800008
9426800008
9426800008
9426800008
9426800008
9426800008
9426800008
9426800008
11525341952
11525341952
11525341952
11525341952
11525341952
11525341952
11525341952
11525341952
11525341952
11525341952
11525341952
11525341952
11525341952
11525341952
11525341952
11525341952
11525341952
11525341952
11506872136
9412119448
9412119448
9412119448
9412119448
9412119448
9412119448
9412119448
9412119448
9412119448
9412119448
11506872136
14189417056
14189417056
14189417056
14189417056
14189417056
9976933848
9976933848
9976933848
9976933848
9976933848
9976933848
9976933848
9976933848
9976933848
9976933848
9976933848
9976933848
9976933848
9487592272
9460227952
9460227952
9460227952
9460227952
9460227952
9460227952
9460227952
9460227952
9460227952
9460227952
9460227952
12114954224
13900454624
13900454624
13900454624
9434351576
9434351576
9434351576
9434351576
9434351576
9434351576
9434351576
9434351576
9434351576
9434351576
9434351576
14352581776
14463579472
10169704120
10169704120
10169704120
10169704120
10169704120
10169704120
10169704120
10169704120
10169704120
10169704120
10169704120
10169704120
10169704120
10169704120
9480564768
9440282624
9440282624
9440282624
9440282624
9440282624
9440282624
9440282624
9440282624
9440282624
9440282624
9440282624
14056705080
14056705080
14056705080
14056705080
14056705080
9883620216
9441332816
9449496128
9449496128
9449496128
9449496128
9449496128
9449496128
9449496128
9449496128
9449496128
9449496128
13025100224
13025100224
13025100224
13025100224
13025100224
13025100224
13025100224
13025100224
13025100224
13025100224
13025100224
13025100224
13025100224
13025100224
13025100224
9447812096
9447812096
9447812096
9447812096
9447812096
9447812096
9447812096
9447812096
9447812096
9447812096
9447812096
14320282744
14320282744
10068948712
10068948712
10068948712
10068948712
10068948712
9261198656
9261198656
9261198656
9261198656
9261198656
9261198656
9261198656
14177792472
14177792472
14177792472
14177792472
9968760176
9968760176
12360459088
12360459088
12360459088
12360459088
12360459088
12360459088
12360459088
12360459088
12360459088
12360459088
12360459088
12360459088
12360459088
14177792472
12193865544
12193865544
12193865544
12193865544
12193865544
9434482760
9434482760
9434482760
9434482760
9434482760
9434482760
9434482760
9434482760
9434482760
9434482760
9434482760
11242501832
14362732232
10098795928
10098795928
10098795928
10098795928
10098795928
10098795928
10098795928
10098795928
10098795928
10098795928
10098795928
10098795928
10098795928
14362732232
14181435336
14181435336
14181435336
14181435336
14181435336
14181435336
14181435336
9971321096
9414318560
9414318560
9414318560
9414318560
9414318560
9414318560
9414318560
9414318560
9414318560
9414318560
14181435336













































































































