0
95382
39364
98410
46934
0
101438
34000
68130
68130
0
40878
95382
93868
68130
93868
78728
43906
101438
68130
68130
39364
116578
0
0
46934
68130
68130
0
68130
92354
6056
0
39364
68130
118092
0
68130
0
24224
68130
68130
128690
68130
68130
87812
25738
40878
105980
89326
63588
68130
72672
68130
46934
68130
101438
68130
68130
33308
66616
134746
0
134746
202876
134746
134746
134746
202876
134746
134746
134746
134746
66616
66616
66616
66616
134746
66616
134746
134746
66616
134746
68130
134746
134746
66616
134746
202876
66616
134746
134746
136260
0
134746
134746
134746
0
134746
134746
66616
134746
134746
134746
202876
134746
134746
66616
134746
66616
134746
66616
134746
134746
134746
66616
66616
66616
66616
202876
66616
134746
136260
134746
0
134746
66616
134746
134746
66616
134746
66616
134746
134746
134746
134746
134746
134746
134746
66616
66616
134746
134746
134746
134746
66616
66616
66616
134746
134746
202876
134746
134746
202876
134746
0
134746
66616
134746
202876
0
68130
134746
204390
66616
134746
136260
66616
134746
66616
66616
66616
66616
134746
66616
134746
134746
66616
134746
134746
68130
202876
134746
66616
134746
134746
0
134746
134746
134746
66616
0
134746
134746
0
134746
134746
0
134746
134746
134746
134746
202876
134746
134746
134746
134746
66616
66616
134746
134746
66616
202876
66616
134746
202876
66616
136260
66616
134746
66616
134746
0
134746
202876
134746
134746
134746
134746
134746
134746
202876
134746
136260
66616
134746
134746
66616
66616
66616
202876
136260
134746
134746
134746
134746
134746
134746
136260
134746
66616
134746
66616
3028
134746
134746
66616
134746
134746
66616
134746
66616
134746
202876
134746
134746
66616
134746
134746
134746
134746
66616
134746
134746
134746
66616
134746
134746
66616
136260
66616
134746
134746
202876
0
134746
134746
134746
66616
66616
66616
134746
66616
66616
66616
134746
66616
66616
68130
21196
43906
116578
68130
68130
43906
68130
28766
68130
0
68130
68130
48448
46934
0
48448
0
45420
68130
78728
68130
99924
42392
98410
0
68130
39364
48448
46934
57532
21196
68130
68130
0
68130
68130
116578
40878
18168
68130
68130
68130
0
0
48448
43906
46934
0
42392
43906
98410
68130
104466
68130
105980
39364
42392
68130
68130
116578
68130
101438
68130
116578
0
68130
116578
116578
0
57532
68130
75700
93868
36336
68130
102952
89326
68130
3028
25738
68130
45420
49962
68130
68130
98410
109008
105980
127176
68130
115064
48448
24224
66616
39364
89326
18168
105980
68130
0
68130
68130
105980
34000
43906
42392
68130
48448
30280
0
42392
68130
68130
101438
0
33308
63588
96896
48448
18168
125662
68130
68130
66616
93868
39364
68130
116578
68130
68130
68130
80242
68130
101438
84784
68130
105980
101438
42392
46934
0
49962
68130
68130
68130
0
93868
33308
80242
52990
68130
116578
98410
68130
68130
0
0
24224
68130
68130
25738
68130
68130
49962
19682
89326
68130
68130
98410
0
66616
116578
42392
68130
68130
0
3028
68130
0
0
0