0
118092
112036
113550
96896
68130
86298
109008
89326
96896
90840
118092
115064
109008
116578
68130
95382
113550
68130
112036
115064
124148
68130
68130
60560
68130
112036
113550
95382
109008
115064
96896
90840
86298
109008
115064
96896
68130
109008
113550
109008
87812
90840
109008
90840
109008
68130
115064
118092
68130
115064
112036
89326
86298
113550
95382
92354
109008
112036
113550
204390
204390
204390
204390
204390
204390
204390
204390
204390
204390
204390
204390
204390
204390
204390
204390
204390
204390
204390
204390
204390
204390
204390
204390
204390
204390
204390
204390
204390
204390
204390
204390
204390
204390
204390
204390
204390
204390
204390
204390
204390
204390
204390
204390
204390
204390
204390
204390
204390
204390
204390
204390
204390
204390
204390
204390
204390
204390
204390
204390
272520
272520
272520
272520
272520
272520
272520
272520
272520
272520
272520
272520
272520
272520
272520
204390
340650
340650
340650
272520
340650
340650
272520
340650
272520
340650
476910
476910
476910
476910
476910
476910
476910
476910
476910
476910
476910
476910
408780
476910
476910
476910
476910
476910
476910
476910
476910
476910
476910
476910
408780
476910
476910
476910
476910
476910
476910
476910
476910
476910
476910
476910
476910
476910
476910
476910
408780
476910
476910
476910
476910
408780
476910
476910
476910
408780
476910
476910
476910
476910
408780
476910
476910
476910
476910
408780
476910
476910
476910
476910
476910
476910
476910
476910
476910
476910
408780
476910
476910
476910
476910
476910
476910
476910
476910
476910
476910
476910
476910
476910
476910
476910
476910
476910
476910
476910
340650
476910
408780
204390
204390
204390
204390
204390
204390
204390
204390
204390
204390
204390
204390
204390
204390
204390
204390
204390
204390
204390
136260
204390
204390
204390
204390
204390
204390
204390
204390
204390
204390
136260
204390
204390
204390
204390
204390
204390
204390
204390
204390
204390
136260
204390
204390
204390
204390
204390
204390
136260
204390
204390
204390
204390
204390
204390
204390
204390
204390
204390
92354
113550
107494
115064
109008
112036
115064
86298
16654
115064
68130
112036
87812
90840
109008
89326
68130
68130
115064
112036
109008
18168
68130
68130
115064
68130
68130
109008
116578
115064
68130
68130
68130
109008
115064
92354
113550
118092
113550
68130
68130
113550
118092
112036
112036
96896
113550
68130
109008
109008
68130
90840
86298
68130
68130
116578
113550
112036
68130
115064
92354
68130
118092
90840
115064
112036
68130
68130
112036
116578
109008
68130
107494
113550
92354
109008
112036
113550
95382
92354
89326
107494
90840
68130
110522
115064
96896
90840
68130
115064
109008
116578
68130
95382
113550
109008
68130
115064
118092
109008
89326
92354
115064
118092
113550
95382
109008
95382
92354
113550
68130
115064
118092
90840
56018
68130
110522
95382
110522
109008
115064
124148
84784
68130
105980
109008
112036
90840
68130
68130
96896
90840
68130
115064
109008
92354
113550
109008
115064
115064
107494
113550
68130
113550
115064
116578
90840
68130
113550
109008
116578
113550
95382
113550
89326
112036
115064
118092
113550
115064
68130
89326
68130
68130
113550
118092
95382
109008
116578
113550
109008
113550
109008
116578
90840
68130
95382
68130
0
0
0
0