2361368
5414584
25769352
133126248
668211504
1332844352
1334790072
1334790072
1334790072
1334790072
1334790072
1334790072
1334790072
1334790072
1334790072
1334790072
1334790072
1334790072
1334790072
1334790072
1334790072
1334790072
1334790072
1334790072
1334790072
1334790072
1334790072
1334790072
1334790072
1332985208
1332985208
1332985208
1332985208
1332985208
1332985208
1332985208
1332985208
1332985208
1332985208
1332985208
1332985208
1332985208
1332985208
1332985208
1332985208
1332985208
1332985208
1332985208
1332985208
1332985208
1332985208
1332985208
1332985208
1332985208
1332985208
1332985208
1332985208
1332985208
1332985208
1332985208
1332985208
1332985208
1332985208
1332985208
1332985208
1332985208
1332985208
1332985208
1332985208
1332985208
1264463248
1264463248
1264463248
1264463248
1264463248
1264463248
1264463248
1264463248
1264463248
1264463248
1264463248
1264463248
1264463248
1264463248
1264463248
1264463248
1264463248
1264463248
1264463248
1264463248
1264463248
1264463248
1264463248
1264463248
1264463248
1264463248
1264463248
1264463248
1264463248
1264463248
1264463248
1264463248
1264463248
1264463248
1264463248
1264463248
1264463248
1264463248
1264463248
1264463248
1264463248
1264463248
1264463248
1264463248
1264463248
1201989712
1201989712
1201989712
1201989712
1201989712
1201989712
1201989712
1201989712
1201989712
1201989712
1201989712
1201989712
1201989712
1201989712
1201989712
1201989712
1201989712
1201989712
1201989712
1201989712
1201989712
1201989712
1201989712
1201989712
1201989712
1201989712
1201989712
1201989712
1201989712
1201989712
1201989712
1201989712
1201989712
1201989712
1201989712
1201989712
1201989712
1201989712
1201989712
1201989712
1201989712
1201989712
1201989712
1201989712
1149630048
1149630048
1149630048
1149630048
1149630048
1149630048
1149630048
1149630048
1149630048
1149630048
1149630048
1149630048
1149630048
1149630048
1149630048
1149630048
1149630048
1149630048
1149630048
1149630048
1149630048
1149630048
1149630048
1149630048
1149630048
1149630048
1149630048
1149630048
1149630048
1149630048
1149630048
1149630048
1149630048
1149630048
1149630048
1149630048
1149630048
1149630048
1149630048
1149630048
1149630048
1149630048
1149630048
1099327952
1099327952
1099327952
1099327952
1099327952
1099327952
1099327952
1099327952
1099327952
1099327952
1099327952
1099327952
1099327952
1099327952
1099327952
1099327952
1099327952
1099327952
1099327952
1099327952
1099327952
1099327952
941242944
941242944
941242944
941242944
941242944
941242944
941242944
941242944
941242944
941242944
941242944
941242944
941242944
941242944
941242944
941242944
941242944
941242944
941242944
941242944
941242944
941242944
941242944
941242944
941242944
941242944
941242944
941242944
941242944
941242944
1049039664
1327890992
1334947496
1334947496
1334947496
1334947496
1334947496
1334947496
1334947496
1334947496
1334947496
1334947496
1334947496
1334947496
1334947496
1334947496
1334947496
1334947496
1334947496
1334947496
1334947496
1334947496
1334947496
1334947496
1334947496
1334947496
1334947496
1334947496
1333110176
1333110176
1333110176
1333110176
1333110176
1333110176
1333110176
1333110176
1333110176
1333110176
1333110176
1333110176
1333110176
1333110176
1333110176
1333110176
1333110176
1333110176
1333110176
1333110176
1333110176
1333110176
1333110176
1333110176
1333110176
1333110176
1333110176
1333110176
1333110176
1333110176
1333110176
1333110176
1333110176
1333110176
1333110176
1333110176
1333110176
1333110176
1333110176
1333110176
1266163848
1266163848
1266163848
1266163848
1266163848
1266163848
1266163848
1266163848
1266163848
1266163848
1266163848
1266163848
1266163848
1266163848
1266163848
1266163848
1266163848
1266163848
1266163848
1266163848
1266163848
1266163848
1266163848
1266163848
1266163848
1266163848
1266163848
1266163848
1266163848
1266163848
1266163848
1266163848
1266163848
1266163848
1266163848
1266163848
1266163848
1266163848
1266163848
1266163848
1266163848
1266163848
1266163848
1266163848
1266163848
1266163848
1201607888
1201607888
1201607888
1201607888
1201607888
1201607888
1201607888
1201607888
1201607888
1201607888
1201607888
1201607888
1201607888
1201607888
1201607888
1201607888
1201607888
1201607888
1201607888
1201607888
1201607888
1201607888
1201607888
1201607888
1201607888
1201607888
1201607888
1201607888
1201607888
1201607888
1201607888
1201607888
1201607888
1201607888
1201607888
1201607888
1201607888
1201607888
1201607888
1201607888
1201607888
1201607888
1201607888
1201607888
1150806592
1150806592
1150806592
1150806592
1150806592
1150806592
1150806592
1150806592
1150806592
1150806592
1150806592
1150806592
1150806592
1150806592
1150806592
1150806592
1150806592
1150806592
1150806592
1150806592
1150806592
1150806592
1150806592
1150806592
1150806592
1150806592
1150806592
1150806592
1150806592
1150806592
1150806592
1150806592
1150806592
1150806592
1150806592
1150806592
1150806592
1150806592
1150806592
1150806592
1150806592
1150806592
1150806592
1150806592
1150806592
1150806592
1150806592
1150806592
1109801544
1109801544
1109801544
1109801544
1109801544
1109801544
1109801544
1109801544
1109801544
1109801544
1109801544
1109801544
1109801544
1109801544
1109801544
1109801544
1109801544
1109801544
1109801544
1109801544
1109801544
1109801544
941381032
941381032
941381032
941381032
941381032
941381032
941381032
941381032
941381032
941381032
941381032
941381032
941381032
941381032
941381032
941381032
941381032
941381032
941381032
941381032
941381032
941381032
941381032
941381032
941381032
941381032
941381032
941381032
1132434136
1335205728
1335205728
1335205728
1335205728
1335205728
1335205728
1335205728
1335205728
1335205728
1335205728
1335205728
1335205728
1335205728
1335205728
1335205728
1335205728
1335205728
1335205728
1335205728
1335205728
1335205728
1335205728
1335205728
1335205728
1335205728
1335205728
1333003848
1333003848
1333003848
1333003848
1333003848
1333003848
1333003848
1333003848
1333003848
1333003848
1333003848
1333003848
1333003848
1333003848
1333003848
1333003848
1333003848
1333003848
1333003848
1333003848
1333003848
1333003848
1333003848
1333003848
1333003848
1333003848
1333003848
1333003848
1333003848
1333003848
1333003848
1333003848
1333003848
1333003848
1333003848
1333003848
1333003848
1333003848
1333003848
1333003848
1333003848
1333003848
1333003848
1333003848
1262429840
1262429840
1262429840
1262429840
1262429840
1262429840
1262429840
1262429840
1262429840
1262429840
1262429840
1262429840
1262429840
1262429840
1262429840
1262429840
1262429840
1262429840
1262429840
1262429840
1262429840
1262429840
1262429840
1262429840
1262429840
1262429840
1262429840
1262429840
1262429840
1262429840
1262429840
1262429840
1262429840
1262429840
1262429840
1262429840
1262429840
1262429840
1262429840
1262429840
1262429840
1262429840
1262429840
1199224424
1199224424
1199224424
1199224424
1199224424
1199224424
1199224424
1199224424
1199224424
1199224424
1199224424
1199224424
1199224424
1199224424
1199224424
1199224424
1199224424
1199224424
1199224424
1199224424
1199224424
1199224424
1199224424
1199224424
1199224424
1199224424
1199224424
1199224424
1199224424
1199224424
1199224424
1199224424
1199224424
1199224424
1199224424
1199224424
1199224424
1199224424
1199224424
1199224424
1199224424
1199224424
1199224424
1149175032
1149175032
1149175032
1149175032
1149175032
1149175032
1149175032
1149175032
1149175032
1149175032
1149175032
1149175032
1149175032
1149175032
1149175032
1149175032
1149175032
1149175032
1149175032
1149175032
1149175032
1149175032
1149175032
1149175032
1149175032
1149175032
1149175032
1149175032
1149175032
1149175032
1149175032
1149175032
1149175032
1149175032
1149175032
1149175032
1149175032
1149175032
1149175032
1149175032
1149175032
1149175032
1098956480
1098956480
1098956480
1098956480
1098956480
1098956480
1262429840
1262429840
1262429840
1262429840
1262429840
1262429840
1262429840
1262429840
1262429840
1262429840
1262429840
1262429840
1262429840
1262429840
1262429840
1262429840
1262429840
1262429840
1262429840
1262429840
1262429840
1262429840
1199224424
1199224424
1199224424
1199224424
1199224424
1199224424
1199224424
1199224424
1199224424
1199224424
1199224424
1199224424
1199224424
1199224424
1199224424
1199224424
1199224424
1199224424
1199224424
1199224424
1199224424
1199224424
1199224424
1199224424
1199224424
1199224424
1199224424
1199224424
1199224424
1199224424
1199224424
1199224424
1199224424
1199224424
1199224424
1199224424
1199224424
1199224424
1199224424
1199224424
1199224424
1199224424
1199224424
1149175032
1149175032
1149175032
1149175032
1149175032
1149175032
1149175032
1149175032
1149175032
1149175032
1149175032
1149175032
1149175032
1149175032
1149175032
1149175032
1149175032
1149175032
1149175032
1149175032
1149175032
1149175032
1149175032
1149175032
1149175032
1149175032
1149175032
1149175032
1149175032
1149175032
1149175032
1149175032
1149175032
1149175032
1149175032
1149175032
1149175032
1149175032
1149175032
1149175032
1149175032
1149175032
1098956480
1098956480
1098956480
1098956480
1098956480
1098956480
1262429840
1262429840
1262429840
1262429840
1262429840
1262429840
1262429840
1262429840
1262429840
1262429840
1262429840
1262429840
1262429840
1262429840
1262429840
1262429840
1262429840
1262429840
1262429840
1262429840
1262429840
1262429840
1199224424
1199224424
1199224424
1199224424
1199224424
1199224424
1199224424
1199224424
1199224424
1199224424
1199224424
1199224424
1199224424
1199224424
1199224424
1199224424
1199224424
1199224424
1199224424
1199224424
1199224424
1199224424
1199224424
1199224424
1199224424
1199224424
1199224424
1199224424
1199224424
1199224424
1199224424
1199224424
1199224424
1199224424
1199224424
1199224424
1199224424
1199224424
1199224424
1199224424
1199224424
1199224424
1199224424
1149175032
1149175032
1149175032
1149175032
1149175032
1149175032
1149175032
1149175032
1149175032
1149175032
1149175032
1149175032
1149175032
1149175032
1149175032
1149175032
1149175032
1149175032
1149175032
1149175032
1149175032
1149175032
1149175032
1149175032
1149175032
1149175032
1149175032
1149175032
1149175032
1149175032
1149175032
1149175032
1149175032
1149175032
1149175032
1149175032
1149175032
1149175032
1149175032
1149175032
1149175032
1149175032
1098956480
1098956480
1098956480
1098956480
1098956480
1098956480
1199224424
1199224424
1149175032
1149175032
1149175032
1149175032
1149175032
1149175032
1149175032
1149175032
1149175032
1149175032
1149175032
1149175032
1149175032
1149175032
1149175032
1149175032
1149175032
1149175032
1149175032
1149175032
1149175032
1149175032
1149175032
1149175032
1149175032
1149175032
1149175032
1149175032
1149175032
1149175032
1149175032
1149175032
1149175032
1149175032
1149175032
1149175032
1149175032
1149175032
1149175032
1149175032
1149175032
1149175032
1098956480
1098956480
1098956480
1098956480
1098956480
1098956480
1149175032
1149175032
1149175032
1098956480
1098956480
1098956480
1098956480
1098956480
1098956480
