44992
1480344
3352184
7896792
22229360
61823112
171432288
475057328
834382488
834382488
834690432
834690432
834690432
834690432
834690432
834690432
834690432
834690432
834690432
834690432
834690432
834690432
834690432
834690432
834690432
834690432
834690432
834690432
834690432
835729576
835729576
835729576
835729576
835729576
835729576
835729576
835729576
835729576
835729576
835729576
835729576
835729576
835729576
835729576
835729576
835729576
835729576
835729576
835729576
835729576
835729576
835729576
835729576
835729576
835729576
835729576
835729576
835729576
835729576
835729576
835729576
835729576
835729576
835729576
835729576
835729576
835729576
835729576
835729576
835729576
835729576
835729576
835729576
835729576
835729576
835729576
835729576
835729576
835729576
834669720
834669720
834669720
834669720
834669720
834669720
834669720
834669720
834669720
834669720
834669720
834669720
834669720
834669720
834669720
834669720
834669720
836214968
836214968
836214968
836214968
836214968
836214968
836214968
836214968
836214968
836214968
836214968
836214968
836214968
836214968
836214968
836214968
836214968
836214968
836214968
836214968
836214968
836214968
836214968
836214968
836214968
836214968
836214968
836214968
836214968
836214968
836214968
836214968
836214968
836214968
836214968
836214968
836214968
836214968
836214968
836214968
836214968
835677792
835677792
835677792
835677792
835677792
835677792
835677792
835677792
835677792
835677792
835677792
835677792
835677792
835677792
835677792
835677792
835677792
835677792
835677792
835677792
834846480
834846480
834846480
834846480
834846480
834846480
834846480
834846480
834846480
834846480
834846480
834846480
834846480
834846480
834846480
834846480
834846480
834846480
834846480
836393800
836393800
836393800
836393800
836393800
836393800
836393800
836393800
836393800
836393800
836393800
836393800
836393800
836393800
836393800
836393800
836393800
836393800
836393800
836393800
836393800
836393800
836393800
836393800
836393800
836393800
836393800
836393800
836393800
836393800
836393800
836393800
836393800
836393800
836393800
836393800
836393800
836393800
836393800
836393800
836393800
836393800
836393800
836393800
836393800
836393800
836393800
836393800
836393800
836393800
836393800
835512768
835512768
835512768
835512768
835512768
835512768
835512768
835512768
835512768
835512768
835512768
835512768
835512768
835512768
835512768
835512768
835512768
835512768
835512768
835512768
835512768
835512768
835512768
835512768
835512768
835822096
835822096
835822096
835822096
835822096
835822096
835822096
835822096
835822096
835822096
835822096
835822096
835822096
835822096
835822096
835822096
835822096
835822096
835822096
835822096
835822096
835822096
835822096
835822096
835822096
835822096
835822096
835822096
835822096
835822096
835822096
835822096
835822096
835822096
835822096
835822096
835822096
835822096
835822096
835822096
835822096
835822096
835822096
835822096
835822096
835822096
835822096
835822096
835822096
834533696
834533696
834533696
834533696
834533696
834533696
834533696
834533696
834533696
834533696
834533696
834533696
834533696
834533696
834533696
834533696
834533696
834533696
835019784
836042352
836042352
836042352
836042352
836042352
836042352
836042352
836042352
836042352
836042352
836042352
836042352
836042352
836042352
836042352
836042352
836042352
836042352
836042352
836042352
836042352
836042352
836042352
836042352
836042352
836042352
836042352
836194256
836194256
836194256
836194256
836194256
836194256
836194256
836194256
836194256
836194256
836194256
836194256
836194256
836194256
836194256
836194256
836194256
836194256
836194256
836194256
836194256
836194256
836194256
836194256
836216352
836216352
836216352
836216352
836216352
836216352
836216352
836216352
836216352
836216352
836216352
836216352
836216352
836216352
836216352
836216352
836216352
836216352
836216352
836216352
836216352
836216352
836216352
836216352
836216352
836216352
836216352
836216352
836216352
836216352
836216352
836216352
836216352
836216352
836216352
836216352
836216352
836216352
836216352
836216352
836216352
836216352
836216352
835671576
835671576
835671576
835671576
835671576
835671576
835671576
835671576
835671576
835671576
835671576
835671576
835671576
835671576
835671576
835671576
835671576
835671576
835671576
835671576
835671576
835671576
835671576
835671576
835671576
835671576
835671576
835671576
835671576
835671576
835671576
835671576
835671576
835671576
835671576
835671576
835671576
835671576
835671576
835671576
835671576
835671576
835641888
835641888
835641888
835641888
835641888
835641888
835641888
835641888
835641888
835641888
835641888
835641888
835641888
835641888
835641888
835641888
835641888
835641888
835641888
835641888
835641888
835641888
835641888
835641888
835641888
835641888
835641888
834949352
834949352
834949352
834949352
834949352
834949352
834949352
834949352
834949352
834949352
834949352
834949352
834949352
834949352
834949352
834949352
834949352
834949352
834949352
834949352
834949352
834949352
834949352
834949352
834949352
834949352
834949352
834949352
834949352
834949352
834949352
834949352
834949352
834949352
834949352
834949352
834949352
834949352
834949352
834949352
834949352
834762240
834762240
834762240
834762240
834762240
834762240
834762240
834762240
834762240
834762240
834762240
834762240
834762240
834762240
834762240
834762240
834762240
834762240
834762240
834762240
834762240
834762240
834762240
834762240
834762240
834843024
836063072
836063072
836063072
836063072
836063072
836063072
836063072
836063072
836063072
836063072
836063072
836063072
836063072
836063072
836063072
836063072
836063072
836063072
836063072
836063072
836063072
836063072
836063072
836063072
836063072
836063072
836063072
836063072
836063072
836063072
836063072
836063072
836063072
836063072
836063072
836063072
836063072
836063072
836063072
836063072
836063072
836063072
836063072
836063072
836063072
836063072
836063072
836063072
836063072
835914616
835914616
835914616
835914616
835914616
835914616
835914616
835914616
835914616
835914616
835914616
835914616
835914616
835914616
835914616
835914616
835914616
835914616
835914616
835956048
835956048
835956048
835956048
835956048
835956048
835956048
835956048
835956048
835956048
835956048
835956048
835956048
835956048
835956048
835956048
835956048
835956048
835956048
835956048
835956048
835956048
835956048
835956048
835956048
835956048
835956048
835956048
835956048
835956048
835956048
835956048
835956048
835956048
835956048
835956048
835956048
835956048
835956048
835956048
835956048
835956048
835956048
835956048
835956048
835956048
835956048
835956048
835956048
835956048
835956048
835956048
835956048
835956048
835956048
835956048
835956048
835956048
835196544
835196544
835196544
835196544
835196544
835196544
835196544
835196544
835196544
835196544
835196544
835196544
835196544
835196544
835196544
835196544
835196544
835196544
835196544
835196544
835196544
835196544
835196544
835196544
835196544
835196544
835196544
835196544
835196544
835196544
835196544
835196544
835196544
835196544
835196544
835196544
834732552
834732552
834732552
834732552
834732552
834732552
834732552
834732552
834732552
834732552
834732552
834732552
834732552
834732552
834732552
834732552
834732552
834732552
834732552
834732552
834732552
834732552
834732552
834732552
834732552
835902880
835902880
835902880
835902880
835902880
835902880
835902880
835902880
835902880
835902880
835902880
835902880
835902880
835902880
835902880
835902880
835902880
835902880
835902880
835902880
835902880
835902880
835902880
835902880
834976976
834976976
834976976
834976976
834976976
834976976
834976976
834976976
834976976
834976976
834976976
834976976
834976976
834976976
834976976
834976976
834976976
834976976
834976976
834976976
834976976
834976976
834976976
834976976
834976976
834976976
834976976
834976976
834976976
834976976
834976976
835264208
835264208
835264208
835264208
835264208
835264208
835264208
835264208
835264208
835264208
835264208
835264208
835264208
835264208
835264208
835264208
835264208
835264208
835264208
835264208
835264208
835264208
835264208
835711624
835711624
835711624
835711624
835711624
835711624
835711624
835711624
835711624
835711624
835711624
835711624
835711624
835711624
835711624
835711624
835711624
835711624
835711624
835711624
835711624
835711624
835711624
835711624
835711624
835711624
835711624
834846480
834846480
834846480
834846480
834846480
834846480
834846480
834846480
834846480
834846480
834846480
834846480
834846480
834846480
834846480
834846480
834846480
834846480
834846480
834846480
834846480
834846480
834846480
834846480
834846480
834846480
834846480
834846480
834846480
834846480
834846480
834846480
834846480
834846480
834846480
834846480
834846480
834846480
834846480
834846480
834846480
834846480
834846480
834846480
834846480
834846480
834846480
834846480
834846480
834846480
834846480
834039328
834039328
834039328
834039328
834039328
834039328
834039328
834039328
834039328
834039328
834039328
834039328
834039328
834039328
834039328
834039328
834039328
834039328
834039328
834039328
834039328
834039328
834039328
834039328
834039328
836090000
836090000
836090000
836090000
836090000
836090000
836090000
836090000
836090000
836517392
836517392
836517392
836517392
836517392
836517392
836517392
836517392
836517392
836517392
836517392
836517392
836517392
836517392
836517392
836517392
836517392
836517392
836517392
836517392
836517392
836517392
836517392
836517392
836517392
836517392
836517392
835938096
835938096
835938096
835938096
835938096
835938096
835938096
835938096
835938096
835938096
835938096
835938096
835938096
835938096
835938096
835938096
835938096
835938096
835938096
835938096
835729576
835729576
835729576
835729576
835729576
835729576
835729576
835729576
835729576
835729576
835729576
835729576
835729576
835729576
835729576
835729576
835729576
835729576
835729576
835729576
835729576
835729576
835729576
835729576
835729576
835729576
