192632
1972640
4606744
17547352
71279656
270604472
1010996688
1113046704
1113046704
1113046704
1113046704
1113046704
1113046704
1113046704
1113046704
1113046704
1113046704
1113046704
1113046704
1113046704
1113046704
1113046704
1113046704
1113046704
1113046704
1113046704
1113046704
1113046704
1113046704
1113046704
1113046704
1113046704
1112595832
1112595832
1112595832
1112595832
1112595832
1112595832
1112595832
1112595832
1112595832
1112595832
1112595832
1112595832
1112595832
1112595832
1112595832
1112595832
1112595832
1112595832
1112595832
1112595832
1112595832
1112595832
1112595832
1112595832
1112595832
1112595832
1112595832
1112595832
1112595832
1112595832
1112595832
1112595832
1112595832
1112595832
1112595832
1112595832
1112595832
1112595832
1112595832
1112595832
1064322304
1064322304
1064322304
1064322304
1064322304
1064322304
1064322304
1064322304
1064322304
1064322304
1064322304
1064322304
1064322304
1064322304
1064322304
1064322304
1064322304
1064322304
1064322304
1064322304
1064322304
1064322304
1064322304
1064322304
1064322304
1064322304
1064322304
1064322304
1064322304
1064322304
1064322304
1064322304
1064322304
1064322304
1064322304
1064322304
1064322304
1064322304
1064322304
1064322304
1064322304
1064322304
1064322304
1064322304
1064322304
1064322304
1018664936
1018664936
1018664936
1018664936
1018664936
1018664936
1018664936
1018664936
1018664936
1018664936
1018664936
1018664936
1018664936
1018664936
1018664936
1018664936
1018664936
1018664936
1018664936
1018664936
1018664936
1018664936
1018664936
1018664936
1018664936
1018664936
1018664936
1018664936
1018664936
1018664936
1018664936
1018664936
1018664936
1018664936
1018664936
1018664936
1086629008
1113431976
1113431976
1113431976
1113431976
1113431976
1113431976
1113431976
1113431976
1113431976
1113431976
1113431976
1113431976
1113431976
1113431976
1113431976
1113431976
1113431976
1113431976
1113431976
1113431976
1110747472
1110747472
1110747472
1110747472
1110747472
1110747472
1110747472
1110747472
1110747472
1110747472
1110747472
1110747472
1110747472
1110747472
1110747472
1110747472
1110747472
1110747472
1110747472
1110747472
1110747472
1110747472
1110747472
1110747472
1110747472
1110747472
1110747472
1110747472
1110747472
1110747472
1110747472
1110747472
1110747472
1110747472
1110747472
1110747472
1110747472
1110747472
1110747472
1110747472
1063273496
1063273496
1063273496
1063273496
1063273496
1063273496
1063273496
1063273496
1063273496
1063273496
1063273496
1063273496
1063273496
1063273496
1063273496
1063273496
1063273496
1063273496
1063273496
1063273496
1063273496
1063273496
941418320
941418320
941418320
941418320
941418320
941418320
941418320
941418320
941418320
941418320
941418320
941418320
941418320
941418320
941418320
941418320
941418320
941418320
941418320
1004558832
1113935328
1113935328
1113935328
1113935328
1113935328
1113935328
1113935328
1113935328
1113935328
1113935328
1113935328
1113935328
1113935328
1113935328
1113935328
1113935328
1113935328
1113935328
1113935328
1113935328
1113935328
1113935328
1113935328
1113935328
1113935328
1113935328
1113935328
1113935328
1113935328
1113935328
1113935328
1113935328
1113935328
1113935328
1113935328
1113935328
1113935328
1113935328
1113935328
1113935328
1113935328
1113935328
1113935328
1113935328
1113935328
1113935328
1113935328
1113935328
1111063704
1111063704
1111063704
1111063704
1111063704
1111063704
1111063704
1111063704
1111063704
1111063704
1111063704
1111063704
1111063704
1111063704
1111063704
1111063704
1111063704
1111063704
1111063704
1111063704
1111063704
1111063704
1111063704
1111063704
1111063704
1111063704
1111063704
1111063704
1111063704
1111063704
1111063704
1111063704
1111063704
1111063704
1111063704
1111063704
1111063704
1111063704
1111063704
1111063704
1111063704
1111063704
1111063704
1062496728
1062496728
1062496728
1062496728
1062496728
1062496728
1062496728
1062496728
1062496728
1062496728
1062496728
1062496728
1062496728
1062496728
1062496728
1062496728
1062496728
1062496728
1062496728
1062496728
1062496728
1062496728
941477008
941477008
941477008
941477008
941477008
941477008
941477008
941477008
941477008
941477008
941477008
941477008
941477008
941477008
941477008
941477008
941477008
941477008
941477008
941477008
1113739232
1113739232
1113739232
1113739232
1113739232
1113739232
1113739232
1113739232
1113739232
1113739232
1113739232
1113739232
1113739232
1113739232
1113739232
1113739232
1113739232
1113739232
1113739232
1113739232
1113739232
1113739232
1113739232
1113739232
1113739232
1113739232
1113739232
1111427576
1111427576
1111427576
1111427576
1111427576
1111427576
1111427576
1111427576
1111427576
1111427576
1111427576
1111427576
1111427576
1111427576
1111427576
1111427576
1111427576
1111427576
1111427576
1111427576
1111427576
1111427576
1111427576
1111427576
1111427576
1111427576
1111427576
1111427576
1111427576
1111427576
1111427576
1111427576
1111427576
1111427576
1111427576
1111427576
1111427576
1111427576
1111427576
1111427576
1111427576
1111427576
1111427576
1111427576
1111427576
1111427576
1111427576
1062620320
1062620320
1062620320
1062620320
1062620320
1062620320
1062620320
1062620320
1062620320
1062620320
1062620320
1062620320
1062620320
1062620320
1062620320
1062620320
1062620320
1062620320
1062620320
1062620320
1062620320
1062620320
1062620320
1062620320
1062620320
1062620320
1062620320
1062620320
1062620320
1062620320
1062620320
1062620320
1062620320
1062620320
1062620320
1062620320
1062620320
1062620320
1062620320
1062620320
1062620320
1062620320
1062620320
1062620320
1062620320
1062620320
1062620320
1020589936
1020589936
1020589936
1020589936
1020589936
1020589936
1020589936
1020589936
1020589936
1020589936
1020589936
1020589936
1020589936
1020589936
1020589936
1020589936
1020589936
1020589936
1020589936
1020589936
1020589936
1020589936
1020589936
1020589936
1020589936
1020589936
1020589936
1020589936
1020589936
1020589936
1020589936
1020589936
1020589936
1020589936
1020589936
1020589936
1020589936
1020589936
1020589936
1081868280
1111955088
1111955088
1111955088
1111955088
1111955088
1111955088
1111955088
1111955088
1111955088
1111955088
1111955088
1111955088
1111955088
1111955088
1111955088
1111955088
1111955088
1111955088
1111955088
1111955088
1111955088
1111955088
1111955088
1111955088
1111955088
969360552
969360552
969360552
969360552
969360552
969360552
969360552
969360552
969360552
969360552
969360552
969360552
969360552
969360552
969360552
969360552
969360552
969360552
969360552
969360552
969360552
1113687448
1113927728
1113927728
1113927728
1113927728
1113927728
1113927728
1113927728
1113927728
1113927728
1113927728
1113927728
1113927728
1113927728
1113927728
1113927728
1113927728
1113927728
1113927728
1113927728
1113927728
1113927728
1113927728
1113927728
1113927728
1113927728
1113927728
1111748640
1111748640
1111748640
1111748640
1111748640
1111748640
1111748640
1111748640
1111748640
1111748640
1111748640
1111748640
1111748640
1111748640
1111748640
1111748640
1111748640
1111748640
1111748640
1111748640
1111748640
1111748640
1111748640
1111748640
1111748640
1111748640
1063008360
1063008360
1063008360
1063008360
1063008360
1063008360
1063008360
1063008360
1063008360
1063008360
1063008360
1063008360
1063008360
1063008360
1063008360
1063008360
1063008360
1063008360
1063008360
1063008360
941309920
941309920
941309920
941309920
941309920
941309920
941309920
941309920
941309920
941309920
941309920
941309920
941309920
941309920
941309920
941309920
941309920
941309920
941309920
941309920
941309920
941309920
941309920
941309920
941309920
941309920
941309920
941309920
1111967512
1112100080
1112100080
1112100080
1112100080
1112100080
1112100080
1112100080
1112100080
1112100080
1112100080
1112100080
1112100080
1112100080
1112100080
1112100080
1112100080
1112100080
1112100080
1112100080
1112100080
1112100080
1112100080
1112100080
1112100080
1112100080
1112100080
1112100080
1112100080
1112100080
1112100080
1112100080
1112100080
1112100080
1112100080
1112100080
1112100080
1112100080
1112100080
1112100080
1112100080
1112100080
1112100080
1112100080
1111297768
1111297768
1111297768
1111297768
1111297768
1111297768
1111297768
1111297768
1111297768
1111297768
1111297768
1111297768
1111297768
1111297768
1111297768
1111297768
1111297768
1111297768
1111297768
1111297768
1111297768
1111297768
1111297768
1111297768
1111297768
1111297768
1111297768
1111297768
1111297768
1111297768
1111297768
1111297768
1111297768
1111297768
1111297768
1111297768
1111297768
1111297768
1111297768
1111297768
1111297768
1111297768
1111297768
1111297768
1111297768
1111297768
1111297768
1111297768
1111297768
1111297768
1111297768
1063943248
1063943248
1063943248
1063943248
1063943248
1063943248
1063943248
1063943248
1063943248
1063943248
1063943248
1063943248
1063943248
1063943248
1063943248
1063943248
1063943248
1063943248
1063943248
1063943248
1063943248
1063943248
1063943248
1063943248
1063943248
1063943248
1063943248
1063943248
1063943248
1063943248
1063943248
1063943248
1063943248
1063943248
1063943248
1063943248
1063943248
1063943248
1063943248
1063943248
1063943248
1063943248
1063943248
1063943248
1063943248
1063943248
1063943248
1022965816
1022965816
1022965816
1022965816
1022965816
1022965816
1022965816
1022965816
1022965816
1022965816
1022965816
1022965816
1022965816
1022965816
1022965816
1022965816
1022965816
1022965816
1022965816
1022965816
1022965816
942151592
942151592
942151592
942151592
942151592
942151592
942151592
942151592
942151592
942151592
942151592
942151592
942151592
942151592
942151592
942151592
942151592
942151592
1113728184
1114060992
1114060992
1114060992
1114060992
1114060992
1114060992
1114060992
1114060992
1114060992
1114060992
1114060992
1114060992
1114060992
1114060992
1114060992
1114060992
1114060992
1114060992
1114060992
1114060992
1114060992
1114060992
1114060992
1114060992
1114060992
1114060992
1114060992
1111482808
1111482808
1111482808
1111482808
1111482808
1111482808
1111482808
1111482808
1111482808
1111482808
1111482808
1111482808
1111482808
1111482808
1111482808
1111482808
1111482808
1111482808
1111482808
1111482808
1111482808
1111482808
1111482808
1111482808
1111482808
1111482808
1063325280
1063325280
1063325280
1063325280
1063325280
1063325280
1063325280
1063325280
1063325280
1063325280
1063325280
1063325280
1063325280
1063325280
1063325280
1063325280
1063325280
1063325280
1063325280
1063325280
941214632
941214632
941214632
941214632
941214632
941214632
941214632
941214632
941214632
941214632
941214632
941214632
941214632
941214632
941214632
941214632
941214632
941214632
941214632
941214632
941214632
941214632
941214632
941214632
941214632
941214632
941214632
1111630568
1113516904
1113516904
1113516904
1113516904
1113516904
1113516904
1113516904
1113516904
1113516904
1113516904
1113516904
1113516904
1113516904
1113516904
1113516904
1113516904
941214632
941214632
1111630568
