48625656
642493928
1498265496
1669472704
1669472704
1267941096
1267941096
811645632
811645632
811645632
811645632
811645632
811645632
811645632
811645632
811645632
811645632
811645632
811645632
811645632
811645632
1669472704
1669472704
1667278416
1572730944
1572730944
1105825872
1105825872
1105825872
1105825872
1105825872
1105825872
662235568
662235568
662235568
662235568
662235568
662235568
662235568
662235568
662235568
662235568
1667278416
1667278416
1667047112
1172142504
1667047112
1667047112
1667047112
1172142504
1172142504
1172142504
1172142504
1172142504
1172142504
661241304
661241304
661241304
661241304
661241304
661241304
661241304
661241304
661241304
1667047112
1667047112
1666911784
1172047216
1172047216
1172047216
1172047216
1172047216
1172047216
1172047216
661559608
661559608
661559608
661559608
661559608
661559608
661559608
661559608
661559608
661559608
661559608
661559608
661559608
1666911784
1666911784
1666911784
1666911784
1666911784
1666911784
1172047216
1172047216
1172047216
1172047216
1172047216
1172047216
941229136
661801272
661801272
661801272
661801272
661801272
661801272
661801272
661801272
661801272
661801272
661801272
661801272
1666911784
1667817672
1213496928
1213496928
1213496928
1213496928
1213496928
1213496928
940185848
661068000
661068000
661068000
661068000
661068000
661068000
661068000
661068000
661068000
1667817672
1667817672
1666949072
1172073456
1172073456
1172073456
1666949072
1666949072
1666949072
1172073456
1172073456
1172073456
1172073456
1172073456
1172073456
1172073456
661822672
661822672
661822672
661822672
661822672
661822672
661822672
661822672
661822672
661822672
661822672
661822672
1666949072
1666949072
1666623864
1276236976
1276236976
1276236976
1276236976
1276236976
660244280
660244280
660244280
660244280
660244280
660244280
660244280
660244280
660244280
660244280
660244280
660244280
660244280
660244280
1666623864
1666623864
1666623864
1666623864
1666623864
1171844224
1171844224
1171844224
1171844224
1171844224
1171844224
1171844224
661048664
661048664
661048664
661048664
661048664
661048664
661048664
661048664
661048664
1666623864
1667981304
1172799128
1172799128
1172799128
1172799128
1172799128
1172799128
1172799128
941229136
661801272
661801272
661801272
661801272
661801272
661801272
661801272
661801272
661801272
661801272
661801272
661801272
1667981304
1667981304
1265943592
1265943592
1265943592
1667571176
1667571176
1667571176
1172510520
1172510520
1172510520
1172510520
1172510520
1172510520
1172510520
940108520
661013456
661013456
661013456
661013456
661013456
661013456
661013456
661013456
1667571176
1667571176
1272477416
1272477416
1272477416
1272477416
1272477416
1272477416
660527368
660527368
660527368
660527368
660527368
660527368
660527368
660527368
660527368
660527368
660527368
660527368
660527368
660527368
660527368
1666335944
1666335944
1666166776
1201563704
1201563704
1666166776
1666166776
1666166776
1171523160
1171523160
1171523160
1171523160
1171523160
1171523160
1171523160
662328088
662328088
662328088
662328088
662328088
662328088
662328088
1666166776
1668229872
1668229872
1172973816
1172973816
1172973816
1172973816
1172973816
1172973816
940974352
661622440
661622440
661622440
661622440
661622440
661622440
661622440
661622440
661622440
661622440
661622440
661622440
661622440
661622440
1668229872
1668229872
1668229872
1668229872
1668229872
1172973816
1172973816
1172973816
1172973816
1172973816
1172973816
1172973816
661413232
661413232
661413232
661413232
661413232
661413232
661413232
661413232
661413232
1668229872
1668229872
1666744000
1286677424
1286677424
1286677424
1286677424
1286677424
661226112
661226112
661226112
661226112
661226112
661226112
661226112
661226112
661226112
661226112
661226112
661226112
661226112
661226112
661226112
661226112
1666744000
1667824576
1667824576
1667824576
1667824576
1172688656
1172688656
1172688656
1172688656
1172688656
1172688656
1172688656
660907120
660907120
660907120
660907120
660907120
660907120
660907120
660907120
660907120
660907120
1667824576
1667824576
1669475464
1173849320
1173849320
1173849320
1173849320
1173849320
1173849320
941086896
661701152
661701152
661701152
661701152
661701152
661701152
661701152
661701152
661701152
661701152
661701152
1669475464
1669475464
1667324680
1172337208
1172337208
1172337208
1667324680
1667324680
1667324680
1172337208
1172337208
1172337208
1172337208
1172337208
1172337208
1172337208
661316568
661316568
661316568
661316568
661316568
661316568
661316568
661316568
661316568
661316568
1667324680
1667324680
1666578296
1171812464
1171812464
1171812464
1171812464
1171812464
1171812464
1171812464
661885504
661885504
661885504
661885504
661885504
661885504
661885504
661885504
661885504
661885504
661885504
661885504
661885504
1666578296
1666578296
1666578296
1300690312
1666578296
1666578296
1666578296
1171812464
1171812464
1171812464
1171812464
1171812464
1171812464
1171812464
1171812464
1171812464
1171812464
1171812464
1171812464
1171812464
1171812464
1666578296
1665249160
917923336
917923336
917923336
917923336
917923336
917923336
917923336
917923336
917923336
917923336
917923336
917923336
917923336
917923336
917923336
917923336
917923336
917923336
917923336
917923336
917923336
1022853960
1036548544
1040944704
1040944704
1040944704
1040944704
1040944704
1040944704
1040944704
1040944704
1040944704
1040944704
1040944704
1040944704
1040944704
1040944704
1040944704
1040944704
1040944704
1040944704
1040944704
1040944704
1040944704
1040944704
1040944704
1042145416
1055159208
1168581800
1565708272
1646242168
1157513720
1157513720
1157513720
1157513720
1157513720
1157513720
1157513720
1157513720
1157513720
1157513720
1157513720
1157513720
1157513720
1157513720
1157513720
1157513720
1157513720
1157513720
1157513720
1157513720
1157513720
1157513720
1157513720
1646242168
1108904632
899149728
899149728
899149728
899149728
899149728
899149728
899149728
899149728
899149728
899149728
899149728
899149728
899149728
899149728
899149728
899149728
899149728
899149728
899149728
899149728
899149728
899149728
899149728
899149728
899149728
899149728
899149728
899149728
899149728
899149728
899149728
899149728
899149728
899149728
899149728
899149728
899149728
899149728
899149728
899149728
770385112
777372568
795471600
941287824
1306952784
1418174184
1418174184
1418174184
997153648
997153648
997153648
997153648
997153648
997153648
997153648
997153648
997153648
997153648
997153648
997153648
997153648
997153648
997153648
997153648
997153648
997153648
1418174184
1561441920
1097888336
1097888336
1097888336
1097888336
1097888336
1097888336
1097888336
1097888336
1097888336
1097888336
1097888336
1097888336
1097888336
1097888336
1097888336
1097888336
1097888336
1097888336
1097888336
1097888336
1097888336
1097888336
1097888336
1561441920
1561441920
1561441920
1561441920
1097888336
1097888336
1097888336
1097888336
1097888336
1097888336
1097888336
1097888336
1097888336
1097888336
1097888336
1097888336
1097888336
1097888336
1097888336
1097888336
1097888336
1097888336
1097888336
1097888336
1561441920
932086056
932086056
932086056
932086056
932086056
932086056
932086056
932086056
932086056
932086056
932086056
932086056
932086056
932086056
932086056
932086056
932086056
932086056
932086056
932086056
912632344
912632344
912632344
912632344
912632344
912632344
912632344
912632344
912632344
912632344
912632344
912632344
912632344
912632344
912632344
912632344
912632344
912632344
912632344
912632344
912632344
912632344
912632344
912632344
923978672
928759424
971305576
1229403744
1447748672
1447748672
1447748672
1017948240
1017948240
1017948240
1017948240
1017948240
1017948240
1017948240
1017948240
1017948240
1017948240
1017948240
1017948240
1017948240
1017948240
1482424960
1482424960
1042329768
1042329768
1042329768
1042329768
1042329768
1042329768
1042329768
1042329768
1042329768
1042329768
1042329768
1042329768
1042329768
1042329768
1042329768
1042329768
1042329768
1042329768
1042329768
1042329768
1042329768
1482424960
1008118160
937028376
937028376
937028376
937028376
937028376
937028376
937028376
937028376
937028376
937028376
937028376
937028376
937028376
937028376
937028376
937028376
937028376
937028376
937028376
937028376
937028376
937028376
937028376
937028376
697727984
704512448
705338240
755484984
975428320
975428320
975428320
975428320
975428320
975428320
975428320
975428320
975428320
975428320
975428320
975428320
975428320
975428320
975428320
975428320
975428320
975428320
975428320
975428320
1023973192
1040350216
1157939736
1545396312
1666123280
1171492776
1171492776
1171492776
1171492776
1171492776
1171492776
1171492776
1171492776
1171492776
1171492776
1171492776
1171492776
1171492776
1171492776
1171492776
1171492776
1171492776
1171492776
1171492776
1666123280
1125166352
902790520
902790520
902790520
902790520
902790520
902790520
902790520
902790520
902790520
902790520
902790520
902790520
902790520
902790520
902790520
902790520
902790520
902790520
902790520
902790520
902790520
902790520
902790520
902790520
902790520
902790520
902790520
902790520
902790520
902790520
902790520
902790520
902790520
902790520
902790520
902790520
902790520
902790520
902790520
902790520
902790520
902790520
902790520
1045244200
1094939384
1101551920
1158084040
1396909392
1396909392
1396909392
982201736
982201736
982201736
982201736
982201736
982201736
982201736
982201736
982201736
982201736
982201736
982201736
982201736
982201736
982201736
982201736
1396909392
1405046464
1405046464
987922888
987922888
987922888
987922888
987922888
987922888
987922888
987922888
987922888
1405046464
1388777152
1403580616
1403580616
1403580616
1403580616
1403580616
986892032
986892032
986892032
986892032
986892032
986892032
986892032
986892032
986892032
986892032
986892032
986892032
986892032
986892032
986892032
986892032
986892032
1403580616
1403580616
1405439336
988199072
988199072
988199072
988199072
988199072
988199072
988199072
988199072
988199072
988199072
988199072
988199072
988199072
988199072
988199072
988199072
988199072
988199072
1405439336
1374595792
1387535016
975609912
975609912
975609912
975609912
975609912
1403580616
986892032
986892032
986892032
986892032
986892032
986892032
986892032
986892032
986892032
986892032
986892032
986892032
986892032
986892032
986892032
986892032
986892032
1403580616
1403580616
1405439336
988199072
988199072
988199072
988199072
988199072
988199072
988199072
988199072
988199072
988199072
988199072
988199072
988199072
988199072
988199072
988199072
