129112
1477584
6188592
23889920
100932160
414818824
987501704
987501704
958126072
958126072
958126072
958126072
958126072
958126072
958126072
958126072
958126072
958126072
958126072
958126072
987501704
988335784
988335784
988335784
988335784
988335784
959626448
959311592
959311592
959311592
959311592
959311592
959311592
959311592
959311592
959311592
988335784
988335784
988335784
988335784
988335784
988335784
988335784
988335784
988335784
988335784
988335784
988335784
988335784
988335784
988335784
988335784
988335784
987467184
956672656
956689920
956689920
956689920
956689920
956689920
956689920
956689920
956689920
956689920
956689920
956689920
956689920
956689920
971947016
988771464
988771464
988771464
988771464
988771464
988771464
988771464
988771464
988771464
956689224
956689224
956689224
956689224
956689224
956689224
956689224
956689224
956689224
958190288
958190288
958190288
958190288
958190288
958190288
958190288
958190288
958190288
958190288
958190288
958190288
958190288
958190288
988571920
988571920
988571920
988571920
988571920
988571920
959935768
959526328
959526328
959526328
959526328
959526328
959526328
959526328
959526328
959526328
959526328
959526328
959526328
988571920
988571920
988571920
988571920
988571920
988571920
988571920
988571920
988571920
988571920
988571920
988571920
988571920
988571920
988571920
988571920
988571920
988571920
988571920
987364992
956623632
956623632
956623632
956623632
956623632
956623632
956623632
956623632
956623632
956623632
956623632
956623632
956623632
956623632
956623632
956623632
956623632
988165928
988165928
988165928
988165928
988165928
988165928
988165928
988165928
988165928
956733416
956733416
956733416
956733416
956733416
956733416
956733416
956733416
958099840
958099840
958099840
958099840
958099840
958099840
958099840
958099840
958099840
958099840
958099840
958099840
958099840
958099840
958099840
958099840
973900328
989184360
989184360
989184360
989184360
989184360
958906296
959785248
959785248
959785248
959785248
959785248
959785248
959785248
959785248
959785248
959785248
959785248
959785248
989184360
989184360
988779056
988779056
988779056
988779056
988779056
988779056
988779056
988779056
988779056
988779056
988779056
988779056
988779056
988779056
988779056
988779056
988779056
988779056
987523112
987523112
987523112
987523112
987523112
987523112
987523112
987523112
987523112
956763104
956860464
956860464
956860464
956860464
956860464
956860464
956860464
956860464
956860464
956860464
956860464
956860464
957762200
987797912
988323352
956859080
988323352
988323352
988323352
988323352
988323352
959879848
959879848
959879848
959879848
959879848
959879848
959879848
959879848
959879848
959879848
959879848
959879848
988323352
988323352
988323352
987226904
956724440
956724440
956724440
956724440
956724440
956724440
956724440
956724440
956724440
956724440
956724440
956724440
956724440
956724440
956724440
956724440
956724440
956724440
956724440
988103784
988103784
988103784
988103784
988103784
988103784
988103784
988103784
988103784
988103784
956346760
956346760
956346760
956346760
956346760
956346760
963950104
963950104
963950104
963950104
963950104
963950104
963950104
963950104
963950104
963950104
963950104
963950104
963950104
963950104
963950104
963950104
987976048
987976048
987976048
956857008
956857008
956857008
956857008
956857008
956857008
956857008
956857008
956857008
956857008
956857008
956857008
956857008
956857008
956857008
956857008
956857008
956857008
956857008
956857008
956857008
956857008
956857008
956857008
956857008
956857008
956857008
961516928
988103784
988103784
988103784
988103784
988103784
988103784
988103784
988103784
988103784
956694752
956694752
956694752
956694752
956694752
956694752
956694752
956694752
958424352
958424352
958424352
958424352
958424352
958424352
958424352
958424352
958424352
958424352
958424352
958424352
958424352
958424352
958424352
958424352
958424352
987757176
987757176
987757176
987757176
987757176
987757176
987757176
959350264
959350264
959350264
959350264
959350264
959350264
959350264
959350264
959350264
959350264
959350264
959350264
959350264
987757176
987757176
987498944
956869440
956869440
956869440
956869440
956869440
956869440
956869440
956869440
956869440
956869440
956869440
956869440
956869440
956869440
956869440
988147288
988147288
988147288
988147288
988147288
988147288
988147288
988147288
988147288
988147288
988147288
988147288
988147288
988147288
988147288
988147288
988147288
988147288
988147288
988147288
988147288
988147288
988147288
988147288
988147288
988147288
988147288
988147288
988147288
988147288
988147288
956710632
956710632
956710632
956710632
956710632
956710632
956710632
956710632
956710632
956710632
956710632
956710632
956710632
987693656
988337160
988337160
988337160
956703728
956703728
956703728
956703728
956703728
956703728
956703728
956703728
956703728
956703728
956703728
956703728
956703728
956703728
956703728
956703728
956703728
956703728
956703728
956703728
956703728
956703728
956703728
956703728
956703728
956703728
956703728
956703728
956703728
956703728
956703728
984792336
984792336
984792336
984792336
984792336
984792336
984792336
984792336
984792336
984792336
957332736
957332736
957332736
957332736
957332736
957332736
957332736
957332736
957332736
957332736
957332736
959135528
959135528
959135528
959135528
959135528
959135528
959135528
959135528
959135528
959135528
959135528
959135528
959135528
959135528
959135528
988065808
988065808
988065808
956815584
956815584
956815584
956815584
956815584
956815584
956815584
956815584
956815584
956815584
956815584
956815584
956815584
988508392
988508392
988508392
988508392
988508392
988508392
988508392
988508392
988508392
988508392
956660232
956660232
956660232
956660232
956660232
956660232
956660232
956660232
956660232
956660232
956660232
957039984
957039984
957039984
957039984
957039984
957039984
957039984
957039984
957039984
957039984
957039984
957039984
957039984
957039984
985094760
988190096
988190096
56814200
