131693544
1087066064
1330777112
1333771640
1333771640
1333771640
1333771640
1333771640
1333771640
1333771640
1333771640
1333771640
1333771640
1333771640
1333771640
1333771640
1333771640
1333771640
1333771640
1333771640
1333771640
1333771640
1333771640
1333771640
1333771640
1333771640
1333771640
1319608920
1319608920
1319608920
1319608920
1319608920
1319608920
1319608920
1319608920
1319608920
1319608920
1319608920
1319608920
1319608920
1319608920
1319608920
1319608920
1319608920
1319608920
1319608920
1319608920
1319608920
1319608920
1319608920
1319608920
1319608920
1319608920
1319608920
1319608920
1319608920
1319608920
1319608920
1319608920
1319608920
1319608920
1319608920
1319608920
1319608920
1319608920
1319608920
1319608920
1319608920
1319608920
1319608920
1319608920
1319608920
1319608920
1319608920
1319608920
1243660368
1243660368
1243660368
1243660368
1243660368
1243660368
1243660368
1243660368
1243660368
1243660368
1243660368
1243660368
1243660368
1243660368
1243660368
1243660368
1243660368
1243660368
1243660368
1243660368
1243660368
1243660368
1243660368
1243660368
1243660368
1243660368
1243660368
1243660368
1243660368
1243660368
1243660368
1243660368
1243660368
1243660368
1243660368
1243660368
1243660368
1243660368
1243660368
1181486496
1181486496
1181486496
1181486496
1181486496
1181486496
1181486496
1181486496
1181486496
1181486496
1181486496
1181486496
1181486496
1181486496
1181486496
1181486496
1181486496
1181486496
1181486496
1181486496
1181486496
941115208
941115208
941115208
941115208
941115208
941115208
941115208
941115208
941115208
941115208
941115208
941115208
941115208
941115208
941115208
941115208
941115208
941115208
941115208
941115208
941115208
941115208
941115208
1163433728
1334859808
1334859808
1334859808
1334859808
1334859808
1334859808
1334859808
1334859808
1334859808
1334859808
1334859808
1334859808
1334859808
1334859808
1334859808
1334859808
1334859808
1334859808
1334859808
1334859808
1334859808
1334859808
1329130368
1329130368
1329130368
1329130368
1329130368
1329130368
1329130368
1329130368
1329130368
1329130368
1329130368
1329130368
1329130368
1329130368
1329130368
1329130368
1329130368
1329130368
1329130368
1329130368
1329130368
1329130368
1329130368
1329130368
1329130368
1329130368
1329130368
1329130368
1329130368
1329130368
1329130368
1329130368
1329130368
1329130368
1329130368
1329130368
1329130368
1329130368
1329130368
1329130368
1329130368
1329130368
1253744544
1253744544
1253744544
1253744544
1253744544
1253744544
1253744544
1253744544
1253744544
1253744544
1253744544
1253744544
1253744544
1253744544
1253744544
1253744544
1253744544
1253744544
1253744544
1253744544
1253744544
1253744544
1253744544
1253744544
1253744544
1253744544
1253744544
1253744544
1253744544
1253744544
1253744544
1253744544
1253744544
1253744544
1253744544
1253744544
1253744544
1253744544
1253744544
1253744544
1191051448
1191051448
1191051448
1191051448
1191051448
1191051448
1191051448
1191051448
1191051448
1191051448
1191051448
1191051448
1191051448
1191051448
1191051448
1191051448
1191051448
1191051448
1191051448
1191051448
1191051448
1191051448
1191051448
1191051448
1191051448
1191051448
1191051448
1191051448
1191051448
1191051448
1191051448
1191051448
1191051448
1191051448
1191051448
1191051448
1191051448
1191051448
1191051448
1191051448
1191051448
1191051448
1191051448
1191051448
1191051448
1191051448
1191051448
1140854296
1140854296
1140854296
1140854296
1140854296
1140854296
1140854296
1140854296
1140854296
1140854296
1140854296
1140854296
1140854296
1140854296
1140854296
1140854296
1140854296
1140854296
1140854296
1140854296
1140854296
941476320
941476320
941476320
941476320
941476320
941476320
941476320
941476320
941476320
941476320
941476320
941476320
941476320
941476320
941476320
941476320
941476320
941476320
941476320
941476320
941476320
941476320
941476320
941476320
941476320
1129675056
1335746360
1335746360
1335746360
1335746360
1335746360
1335746360
1335746360
1335746360
1335746360
1335746360
1335746360
1335746360
1335746360
1335746360
1335746360
1335746360
1335746360
1335746360
1335746360
1335746360
1335746360
1335746360
1335746360
1335746360
1335746360
1335746360
1335746360
1335746360
1335746360
1335746360
1335746360
1335746360
1335746360
1335746360
1335746360
1335746360
1335746360
1335746360
1335746360
1335746360
1335746360
1335746360
1335746360
1335746360
1335746360
1335746360
1335746360
1335746360
1330063176
1330063176
1330063176
1330063176
1330063176
1330063176
1330063176
1330063176
1330063176
1330063176
1330063176
1330063176
1330063176
1330063176
1330063176
1330063176
1330063176
1330063176
1330063176
1330063176
1330063176
1330063176
1330063176
1330063176
1330063176
1330063176
1330063176
1330063176
1330063176
1330063176
1330063176
1330063176
1330063176
1330063176
1330063176
1330063176
1330063176
1330063176
1330063176
1330063176
1258023320
1258023320
1258023320
1258023320
1258023320
1258023320
1258023320
1258023320
1258023320
1258023320
1258023320
1258023320
1258023320
1258023320
1258023320
1258023320
1258023320
1258023320
1258023320
1258023320
1258023320
1258023320
1258023320
1258023320
1258023320
1258023320
1258023320
1258023320
1258023320
1258023320
1258023320
1258023320
1258023320
1258023320
1258023320
1258023320
1258023320
1258023320
1258023320
1258023320
1258023320
1258023320
1258023320
1258023320
1258023320
1258023320
1192993016
1192993016
1192993016
1192993016
1192993016
1192993016
1192993016
1192993016
1192993016
1192993016
1192993016
1192993016
1192993016
1192993016
1192993016
1192993016
1192993016
1192993016
1192993016
1192993016
1192993016
1192993016
1192993016
1192993016
1192993016
1192993016
1192993016
1192993016
1192993016
1192993016
1192993016
1192993016
1192993016
1192993016
1192993016
1192993016
1192993016
1192993016
1192993016
1192993016
1192993016
1192993016
1192993016
1192993016
1192993016
1192993016
1192993016
1192993016
1141421856
1141421856
1141421856
1141421856
1141421856
1141421856
1141421856
1141421856
1141421856
1141421856
1141421856
1141421856
1141421856
1141421856
1141421856
1141421856
1141421856
1141421856
1141421856
1141421856
1141421856
1141421856
1141421856
1141421856
1141421856
1141421856
1141421856
1141421856
1141421856
1141421856
1141421856
1141421856
1141421856
1141421856
1141421856
1141421856
1141421856
1141421856
1141421856
1141421856
1141421856
1141421856
1141421856
1141421856
1141421856
1141421856
1141421856
1141421856
1087606696
1087606696
1087606696
1087606696
1087606696
1087606696
1087606696
1087606696
1087606696
1087606696
1087606696
1087606696
1087606696
1087606696
1087606696
1087606696
1087606696
1087606696
1087606696
1087606696
1087606696
1087606696
1087606696
1087606696
1087606696
1087606696
1087606696
1087606696
1087606696
1087606696
1087606696
1087606696
1087606696
1087606696
1087606696
1087606696
1087606696
1087606696
1087606696
1087606696
1087606696
1087606696
1045152368
1045152368
1045152368
1045152368
1045152368
1045152368
1045152368
1045152368
1045152368
1045152368
1045152368
1045152368
1045152368
1045152368
1045152368
1045152368
1045152368
1045152368
1045152368
1045152368
1045152368
1045152368
1045152368
1045152368
1045152368
1045152368
1045152368
1045152368
1045152368
1045152368
1045152368
1045152368
1045152368
1045152368
1045152368
1045152368
1045152368
1045152368
1045152368
1045152368
1045152368
1045152368
1045152368
1045152368
1045152368
1045152368
1045152368
1045152368
1045152368
1045152368
1005780952
1005780952
1005780952
1005780952
1005780952
1005780952
1005780952
1005780952
1005780952
1005780952
1005780952
1005780952
1005780952
1005780952
1005780952
1005780952
1005780952
1005780952
1005780952
1005780952
1005780952
941952048
941952048
941952048
941952048
941952048
941952048
941952048
941952048
941952048
941952048
941952048
941952048
941952048
941952048
941952048
941952048
941952048
941952048
941952048
941952048
941952048
941952048
941952048
941952048
941952048
941952048
941952048
1117117656
1335214704
1335896880
1335896880
1335896880
1335896880
1335896880
1335896880
1335896880
1335896880
1335896880
1335896880
1335896880
1335896880
1335896880
1335896880
1335896880
1335896880
1335896880
1335896880
1335896880
1335896880
1335896880
1330501624
1330501624
1330501624
1330501624
1330501624
1330501624
1330501624
1330501624
1330501624
1330501624
1330501624
941680696
941680696
941680696
941680696
941680696
941680696
941680696
941680696
941680696
941680696
941680696
941680696
941680696
941680696
941680696
941680696
941680696
941680696
941680696
941680696
941680696
941680696
947105640
1292293624
1334903992
1334903992
1254647664
1254647664
1254647664
1254647664
1254647664
1254647664
1254647664
1254647664
1254647664
1254647664
1254647664
1254647664
1254647664
1254647664
1254647664
1254647664
1254647664
1254647664
1254647664
1254647664
1254647664
1254647664
1254647664
1254647664
1254647664
1254647664
1254647664
1254647664
1254647664
1254647664
1254647664
1254647664
1254647664
1254647664
1254647664
1254647664
1254647664
1254647664
1254647664
1254647664
1254647664
1193102112
1193102112
1193102112
1193102112
1193102112
1193102112
1193102112
1193102112
1193102112
1193102112
1193102112
1193102112
1193102112
1193102112
1193102112
1193102112
1193102112
1193102112
1193102112
1193102112
1193102112
1193102112
941706928
941706928
941706928
941706928
941706928
941706928
941706928
941706928
1254647664
1254647664
1254647664
1254647664
1254647664
1254647664
1254647664
1254647664
1254647664
1254647664
1254647664
1254647664
1254647664
1254647664
1254647664
1254647664
1254647664
1254647664
1254647664
1254647664
1254647664
1254647664
1254647664
1254647664
1254647664
1254647664
1254647664
1254647664
1254647664
1254647664
1254647664
1254647664
1254647664
1254647664
1254647664
1254647664
1254647664
1193102112
1193102112
1193102112
1193102112
1193102112
1193102112
1193102112
1193102112
1193102112
1193102112
1193102112
1193102112
1193102112
1193102112
1193102112
1193102112
1193102112
1193102112
1193102112
1193102112
1193102112
1193102112
941706928
941706928
941706928
941706928
941706928
941706928
941706928
941706928
1254647664
1254647664
1254647664
1254647664
1254647664
1254647664
1254647664
1254647664
1254647664
1254647664
1254647664
1254647664
1254647664
1254647664
1254647664
1254647664
1254647664
1254647664
1254647664
1254647664
1254647664
1254647664
1193102112
1193102112
1193102112
1193102112
1193102112
1193102112
1193102112
1193102112
1193102112
1193102112
1193102112
1193102112
1193102112
1193102112
1193102112
1193102112
1193102112
1193102112
1193102112
1193102112
1193102112
1193102112
941706928
941706928
941706928
941706928
941706928
941706928
941706928
254647664
1254647664
1254647664
1254647664
1254647664
1254647664
1254647664
1254647664
1254647664
1254647664
1254647664
1254647664
1193102112
1193102112
1193102112
1193102112
1193102112
1193102112
1193102112
1193102112
1193102112
1193102112
1193102112
1193102112
