944341040
944341040
944341040
944341040
1137342616
1888510848
945286968
945286968
945286968
945286968
945286968
945286968
2071780384
333826456
4625644240
1607939576
943535272
943535272
943535272
943535272
943535272
1969559136
1607939576
941684840
941684840
941684840
941684840
941684840
1969559136
973719432
973719432
973719432
973719432
973719432
973719432
973719432
973719432
936166680
936166680
936166680
936166680
936166680
958887656
1491644680
1491644680
1491644680
1491644680
1491644680
1491644680
1491644680
1491644680
1491644680
1491644680
943774864
943774864
943774864
943774864
1491217968
1491217968
1491217968
1491217968
1491217968
1491217968
1491217968
1491217968
941117968
941117968
941117968
941117968
941117968
941117968
1706317728
1706317728
941080688
941080688
941080688
941080688
941080688
1421904056
941254680
941254680
941254680
941254680
941254680
941254680
1606100880
939744640
939744640
939744640
939744640
939744640
1298070704
943498680
943498680
943498680
943498680
943498680
943498680
1467254856
1467254856
1467254856
1467254856
1467254856
1467254856
1467254856
1467254856
1467254856
1467254856
942938712
942938712
942938712
942938712
942938712
1467254856
941896120
941896120
941896120
941896120
941896120
941896120
1603939056
943712032
943712032
943712032
943712032
943712032
1150728568
944107664
943179680
943179680
943179680
943179680
943179680
1562680600
943244584
943244584
943244584
943244584
943244584
944496392
1518291608
1518291608
1518291608
1518291608
1518291608
1518291608
1518291608
1518291608
1518291608
941535696
941535696
941535696
941535696
941535696
941535696
1778560584
941454224
941454224
1773892376
1773892376
1773892376
1773892376
1773892376
1773892376
1773892376
1773892376
1773892376
941686912
941686912
941686912
941686912
941686912
1636672392
1286178216
992566920
992566920
992566920
992566920
992566920
992566920
992566920
992566920
992566920
992566920
940207944
940207944
940207944
940207944
940207944
1198697600
1464270000
1464270000
1464270000
1464270000
1464270000
1464270000
1464270000
1464270000
1464270000
938825640
938825640
938825640
1464270000
1464270000
1464270000
1464270000
1464270000
1464270000
1464270000
1464270000
939993208
939993208
939993208
939993208
939993208
1551428864
1743852528
943534584
943534584
943534584
943534584
943534584
943534584
1702199136
942002448
942002448
942002448
942002448
942002448
1265611480
944035160
944035160
944035160
944035160
944035160
944035160
1493329400
1493329400
1493329400
1493329400
1493329400
1493329400
1493329400
1493329400
1493329400
941987952
941987952
941987952
941987952
941987952
941987952
1713080096
1713080096
944037232
944037232
944037232
944037232
944037232
1161623344
943848048
943848048
943848048
943848048
943848048
943848048
1554312224
944809168
944809168
944809168
944809168
944809168
944809168
1569053552
943788672
943788672
943788672
943788672
943788672
943788672
1501527232
1501527232
1501527232
1501527232
1501527232
1501527232
1501527232
1501527232
1501527232
939212992
939212992
939212992
939212992
939212992
939212992
1800419864
941356176
944896168
944896168
944896168
944896168
944896168
1874015320
938732432
938732432
1874015320
1874015320
1874015320
1874015320
1874015320
1874015320
1874015320
1874015320
1600847168
941808432
941808432
941808432
941808432
941808432
941808432
1489950976
1489950976
1489950976
1489950976
1489950976
1489950976
1489950976
1489950976
1489950976
940401272
940401272
940401272
940401272
940401272
940401272
1755907272
1234622248
943699600
943699600
943699600
943699600
943699600
1419397680
1678434184
944568200
946627152
946627152
946627152
946627152
946627152
1588965736
943241824
943241824
943241824
943241824
943241824
1588965736
1811223488
944249208
944249208
944249208
944249208
944249208
944249208
1305625720
939306896
939306896
939306896
939306896
939306896
1852238896
940488272
940488272
940488272
940488272
940488272
940488272
1868097392
937798928
937798928
937798928
937798928
937798928
1859832584
939761216
939761216
939761216
939761216
939761216
939761216
1859909912
941059968
941059968
941059968
941059968
941059968
1852950760
939429792
939429792
939429792
939429792
939429792
939429792
1847802696
1847802696
1847802696
1847802696
1847802696
1847802696
1847802696
1847802696
1141271336
938412056
938412056
938412056
938412056
938412056
1862383144
940885976
940885976
940885976
940885976
940885976
1862383144
1309017952
942710864
942710864
942710864
942710864
942710864
1857801248
940708528
940708528
940708528
940708528
940708528
940708528
940514504
940514504
940514504
940514504
940514504
940514504
1853841456
941826384
941826384
941826384
941826384
941826384
941826384
941535696
941535696
941535696
941535696
941535696
941535696
1850316656
945514128
945514128
945514128
945514128
945514128
945514128
940757552
940757552
940757552
940757552
940757552
940757552
1863333216
947373536
947373536
947373536
947373536
947373536
947373536
937717456
937717456
937717456
937717456
937717456
937717456
1852445344
941901640
941901640
941901640
941901640
1852445344
1852445344
1852445344
1852445344
1852445344
1852445344
1852445344
1852445344
944526768
944526768
944526768
944526768
944526768
944526768
938782144
938782144
938782144
938782144
938782144
938782144
1853395416
943435848
943435848
943435848
943435848
943435848
943435848
941091728
941091728
941091728
941091728
941091728
941091728
1851349584
1301730144
1301730144
1301730144
1301730144
1301730144
1301730144
1301730144
1301730144
1301730144
941985880
941985880
941985880
941985880
941985880
946170064
1637866888
1151624784
944576488
944576488
945104688
945104688
945104688
945104688
945104688
945104688
1867801184
1453332424
942625936
942625936
942625936
942625936
942625936
2108963744
1055993288
1055993288
1055993288
1055993288
1055993288
1055993288
1055993288
1055993288
1055993288
949984168
945586624
945586624
945586624
945586624
945586624
945586624
1605946224
942756432
942756432
942756432
942756432
942756432
1605946224
1829587664
938231152
938231152
938231152
938231152
938231152
1808953256
1824784128
943914336
943914336
943914336
943914336
943914336
1849546792
1300462456
942306248
942306248
942306248
942306248
942306248
1895912576
1333063232
1333063232
1333063232
1333063232
1333063232
1333063232
1333063232
1333063232
1333063232
1333063232
1895912576
1895912576
1895912576
1895912576
1895912576
1895912576
1895912576
1895912576
1895912576
1610530872
942764024
942764024
942764024
942764024
942764024
1290381744
943642288
943642288
943642288
943642288
943642288
943642288
1593566272
942376680
942376680
942376680
942376680
942376680
942376680
1634572704
943577392
943577392
943577392
943577392
943577392
1119500432
944400416
939489864
939489864
939489864
939489864
939489864
1448000000
1501840008
1501840008
1501840008
1501840008
1501840008
1501840008
1501840008
1501840008
1501840008
939692856
939692856
1501840008
1501840008
1501840008
1501840008
1501840008
1501840008
1501840008
1501840008
1422874152
939619672
939619672
939619672
939619672
939619672
939619672
1466685232
1466685232
1466685232
1466685232
1466685232
1466685232
1466685232
1466685232
1466685232
1466685232
944135968
944135968
944135968
944135968
944135968
944135968
1714405784
1022965816
942164016
942164016
942164016
942164016
942164016
1606719536
1606719536
942764720
942764720
942764720
942764720
942764720
946626464
940943976
940943976
940943976
940943976
940943976
940943976
1817452824
1817452824
940356392
940356392
940356392
940356392
940356392
940356392
1846387248
1298240560
1298240560
1298240560
1298240560
1298240560
1298240560
1298240560
1298240560
1298240560
1844974568
1844974568
1844974568
1844974568
1844974568
1844974568
1844974568
1844974568
1142179984
940733384
940733384
940733384
940733384
940733384
1829053248
1286052552
943424104
943424104
943424104
943424104
943424104
1887274920
944263016
944263016
944263016
944263016
944263016
944263016
1827628136
947413584
947413584
947413584
947413584
947413584
947413584
941552960
941552960
941552960
941552960
941552960
941552960
1853214520
943546320
943546320
943546320
943546320
943546320
943546320
943962664
943962664
943962664
943962664
943962664
943962664
1853576320
939773640
939773640
939773640
939773640
939773640
939773640
1305992352
943986144
943986144
943986144
943986144
943986144
1871331504
938165560
938165560
938165560
938165560
938165560
938165560
1298489128
946350280
946350280
946350280
946350280
946350280
1846740768
940593912
940593912
940593912
940593912
940593912
940593912
1295723144
940914280
940914280
940914280
940914280
940914280
1851582960
942951832
942951832
942951832
942951832
942951832
942951832
1308219088
941511528
941511528
941511528
941511528
941511528
1854375872
939645912
939645912
939645912
939645912
939645912
939645912
1860436736
943707192
943707192
943707192
943707192
943707192
1859202192
940020832
940020832
940020832
940020832
940020832
940020832
1773923448
1773923448
941818784
941818784
941818784
941818784
941818784
1773923448
1773923448
1773923448
1773923448
1773923448
1773923448
1773923448
1773923448
1589451128
946138992
946138992
946138992
946138992
946138992
946138992
1485975304
1485975304
1485975304
1485975304
1485975304
1485975304
1485975304
1485975304
1485975304
941933400
941933400
941933400
941933400
941933400
941933400
1712914384
940685744
940685744
940685744
940685744
940685744
1104715608
941599912
941599912
941599912
941599912
941599912
941599912
1666730888
1666730888
1666730888
1666730888
1666730888
1666730888
1666730888
1666730888
1581906464
944516416
944516416
944516416
944516416
944516416
944516416
1457935720
1457935720
1457935720
1457935720
1457935720
1457935720
1457935720
1457935720
1457935720
1457935720
943130664
943130664
943130664
943130664
943130664
1450696240
1695219960
941414176
941414176
941414176
941414176
941414176
941414176
1666811672
1666811672
943937808
943937808
943937808
943937808
943937808
1288212312
1596723056
945340136
945340136
945340136
945340136
945340136
945340136
943577392
944082112
944082112
944082112
944082112
944082112
1357500000
943792120
943792120
943792120
943792120
943792120
943792120
1474985256
1474985256
1474985256
1474985256
1474985256
1474985256
1474985256
1474985256
1474985256
938115160
938115160
943792120
943792120
943792120
943792120
1474985256
1474985256
1474985256
1474985256
1474985256
1474985256
1474985256
1474985256
1474985256
938115160
938115160
938115160
