191474280
1835293624
2217528944
1799150104
1265027352
967512880
943774168
943774168
943774168
943774168
943774168
943774168
943774168
943774168
943774168
943774168
943774168
943774168
2217528944
2217561392
1559222776
945844856
945844856
945844856
945844856
945844856
945844856
945844856
945844856
945844856
945844856
945844856
945844856
945844856
945844856
945844856
2179327848
1532339712
1532339712
1077425864
1077425864
1077425864
1077425864
1077425864
1077425864
2177215040
2177215040
1530853840
1530853840
1076381192
1076381192
1076381192
1076381192
1076381192
1076381192
1076381192
1076381192
1076381192
1076381192
1076381192
1076381192
1076381192
1848800408
919797936
919797936
919797936
919797936
919797936
919797936
919797936
919797936
919797936
919797936
919797936
919797936
919797936
919797936
919797936
919797936
1131205808
1287791824
1299151272
1426281568
705131096
705131096
705131096
705131096
705131096
705131096
705131096
1426281568
1426281568
1426281568
1426281568
1426281568
1002854088
1002854088
1002854088
1002854088
1002854088
1002854088
1002854088
1002854088
1002854088
1002854088
1002854088
1426281568
924476496
924476496
924476496
924476496
924476496
924476496
924476496
924476496
924476496
924476496
924476496
924476496
924476496
924476496
924476496
924476496
939891024
1441754784
1457477944
1464463328
724007592
724007592
724007592
724007592
724007592
724007592
724007592
724007592
724007592
724007592
724007592
1464463328
1464463328
1464463328
1464463328
1464463328
1464463328
1464463328
1464463328
1464463328
1464463328
1464463328
1464463328
1464463328
1464463328
1464463328
1464463328
1464463328
1464463328
1464463328
1464463328
931540592
931540592
931540592
931540592
931540592
931540592
931540592
931540592
931540592
931540592
931540592
931540592
931540592
931540592
931540592
931540592
954071696
966450264
1011800384
1397705496
1690646352
1188735640
1188735640
1188735640
1188735640
1188735640
1188735640
1188735640
1188735640
1188735640
1188735640
1188735640
1188735640
1188735640
1188735640
1188735640
1188735640
1690646352
1188735640
1188735640
1188735640
1188735640
1188735640
1684209888
1684209888
1184209672
1184209672
1184209672
1184209672
1184209672
1184209672
1184209672
1184209672
1184209672
1184209672
1184209672
1184209672
1184209672
1184209672
1184209672
1184209672
1184209672
1684209888
926731544
926731544
926731544
926731544
926731544
926731544
926731544
926731544
926731544
926731544
926731544
926731544
926731544
926731544
926731544
926731544
1075015464
1096907888
1126781336
1491861480
1770097608
1244599392
1244599392
1244599392
1244599392
940705768
1770097608
1770097608
1770097608
1244599392
1244599392
1244599392
1244599392
1244599392
1244599392
1244599392
1244599392
1244599392
1244599392
1244599392
1244599392
1244599392
1244599392
1244599392
1244599392
1770097608
937285912
937285912
937285912
937285912
937285912
937285912
937285912
937285912
937285912
937285912
937285912
937285912
937285912
937285912
937285912
937285912
937285912
1077376840
1086718768
1242088192
1429510160
1429510160
1429510160
1429510160
1429510160
1429510160
1005124320
1005124320
1005124320
1005124320
1005124320
1005124320
1005124320
1005124320
1005124320
1005124320
1005124320
1005124320
1005124320
1429510160
1005124320
1005124320
1005124320
1005124320
1005124320
1005124320
1005124320
1005124320
1005124320
1005124320
1005124320
1005124320
1005124320
1005124320
1005124320
1005124320
1429510160
926949032
926949032
926949032
926949032
926949032
926949032
926949032
926949032
926949032
926949032
926949032
926949032
939313800
939313800
939313800
939313800
939313800
939313800
939313800
939313800
939313800
939313800
939313800
939313800
939313800
939313800
939313800
939313800
939313800
1443645952
1454754768
1462229688
722903544
722903544
722903544
722903544
722903544
722903544
722903544
722903544
722903544
722903544
722903544
722903544
722903544
722903544
722903544
1462229688
1438864520
1455523248
1464899008
724223016
724223016
724223016
724223016
724223016
724223016
724223016
724223016
724223016
724223016
724223016
724223016
724223016
724223016
724223016
1464899008
1452825624
1472334576
1478067464
730733360
730733360
730733360
730733360
730733360
1478067464
1478067464
1478067464
1478067464
1478067464
1039265504
1039265504
1039265504
1039265504
1039265504
1039265504
1039265504
1039265504
1039265504
1039265504
1039265504
1039265504
1039265504
1478067464
931865112
931865112
931865112
931865112
931865112
931865112
931865112
931865112
931865112
931865112
931865112
931865112
931865112
931865112
931865112
931865112
931865112
948220736
966896304
1166965432
1369087992
1369087992
1369087992
1369087992
1369087992
1369087992
1369087992
1369087992
1369087992
1369087992
1369087992
1369087992
1369087992
1369087992
1369087992
1369087992
1369087992
1369087992
1369087992
1369087992
1369087992
1369087992
1369087992
1369087992
1369087992
1369087992
1369087992
1369087992
1369087992
962639616
962639616
962639616
962639616
962639616
962639616
962639616
962639616
962639616
962639616
962639616
962639616
962639616
962639616
962639616
962639616
1258755904
1264822976
1268416128
660345776
660345776
660345776
660345776
660345776
660345776
660345776
660345776
660345776
660345776
660345776
660345776
660345776
660345776
660345776
1268416128
1258093056
1277892008
1391179264
1476054776
729738408
729738408
729738408
729738408
1476054776
1476054776
1476054776
1476054776
1476054776
1037850752
1037850752
1037850752
1037850752
1037850752
1037850752
1037850752
1037850752
1037850752
1037850752
1037850752
1037850752
1280980432
931315504
931315504
931315504
931315504
931315504
931315504
931315504
931315504
931315504
931315504
931315504
931315504
931315504
931315504
931315504
931315504
927819704
946843264
1046127304
1258678568
1258678568
1258678568
1258678568
1258678568
1258678568
1258678568
1258678568
1258678568
1258678568
1258678568
1258678568
1258678568
1258678568
1258678568
1258678568
1258678568
1258678568
1258678568
1258678568
1258678568
1258678568
1258678568
1258678568
1258678568
1258678568
1258678568
1258678568
1258678568
934305200
934305200
934305200
934305200
934305200
934305200
934305200
934305200
934305200
934305200
934305200
934305200
934305200
934305200
934305200
1254523384
1258764184
1268349152
1379183208
1472503736
727983264
727983264
727983264
727983264
727983264
727983264
727983264
727983264
727983264
727983264
727983264
727983264
727983264
727983264
727983264
1472503736
1552044752
1562366440
1098538752
1098538752
1098538752
1098538752
1098538752
1562366440
1562366440
1562366440
1098538752
1098538752
1098538752
1098538752
1098538752
940662960
940662960
940662960
940662960
940662960
940662960
940662960
940662960
1562366440
1543306976
1085137608
1085137608
1085137608
1085137608
1085137608
1085137608
1085137608
1085137608
1085137608
1085137608
1085137608
1085137608
1085137608
1085137608
1085137608
1085137608
1085137608
1085137608
1085137608
1543306976
934686336
934686336
934686336
934686336
934686336
934686336
934686336
934686336
934686336
934686336
934686336
934686336
934686336
934686336
934686336
934686336
934686336
934686336
934686336
934686336
934686336
934686336
934686336
934686336
934686336
921049744
931504688
1023222664
1248882320
1248882320
1248882320
1248882320
1248882320
1248882320
1248882320
1248882320
1248882320
1248882320
1248882320
1248882320
1248882320
1248882320
1248882320
1248882320
1248882320
1248882320
936273008
936273008
936273008
936273008
936273008
936273008
936273008
936273008
936273008
936273008
936273008
936273008
936273008
936273008
936273008
936273008
1248262976
1265047376
1310464464
1461307928
722447840
722447840
722447840
722447840
722447840
722447840
722447840
722447840
722447840
722447840
722447840
722447840
722447840
722447840
722447840
722447840
1543161984
1559244872
1559613576
1096602704
1096602704
1096602704
1096602704
1096602704
1559613576
1559613576
1559613576
1096602704
1096602704
1096602704
1096602704
1096602704
1096602704
1096602704
1096602704
1096602704
1096602704
1096602704
1096602704
1096602704
1096602704
1096602704
1308898504
935113040
935113040
935113040
935113040
935113040
935113040
935113040
935113040
935113040
935113040
935113040
935113040
935113040
935113040
935113040
935113040
931227128
941118656
1120476744
1636404488
1946488792
1368624688
1368624688
1368624688
962313720
962313720
962313720
962313720
1946488792
1946488792
1368624688
1368624688
1368624688
962313720
962313720
962313720
962313720
962313720
962313720
962313720
962313720
962313720
962313720
962313720
1946488792
2180531320
1533185520
1533185520
1078021040
1078021040
1078021040
1078021040
1078021040
1078021040
1078021040
1078021040
1078021040
1078021040
1078021040
1078021040
1078021040
1078021040
1078021040
1078021040
2180531320
924442664
924442664
924442664
924442664
924442664
924442664
924442664
924442664
924442664
924442664
924442664
924442664
924442664
924442664
924442664
924442664
924442664
924442664
924442664
924442664
924442664
924442664
924442664
924442664
924442664
931165672
938383744
1118553120
1613392144
1937143408
1362053584
1362053584
1362053584
957693848
957693848
957693848
957693848
957693848
957693848
957693848
957693848
957693848
957693848
957693848
957693848
957693848
2183596272
1535340448
1535340448
1535340448
1079535904
1079535904
1079535904
1079535904
1079535904
1079535904
1079535904
1079535904
1079535904
1079535904
1079535904
1079535904
1079535904
1079535904
1079535904
1079535904
2183596272
920361352
920361352
920361352
920361352
920361352
920361352
920361352
920361352
920361352
920361352
920361352
920361352
920361352
920361352
920361352
920361352
920361352
920361352
920361352
920361352
920361352
920361352
944649672
954639248
974755120
1292430336
1292430336
1292430336
1292430336
1292430336
1292430336
1292430336
1292430336
1292430336
1292430336
1292430336
1292430336
1292430336
1292430336
1292430336
1292430336
1292430336
1292430336
934383912
934383912
934383912
934383912
934383912
934383912
934383912
934383912
934383912
934383912
934383912
934383912
934383912
934383912
934383912
1290595784
1250647136
1269626504
1375672216
1476565712
729991120
729991120
729991120
729991120
729991120
729991120
729991120
729991120
729991120
729991120
729991120
729991120
729991120
729991120
729991120
1476565712
1540729496
1560948240
1097541728
1097541728
1097541728
1097541728
1097541728
1560948240
1560948240
1560948240
1560948240
1097541728
1097541728
1097541728
1097541728
1097541728
1560948240
1560948240
1560948240
1560948240
1097541728
1097541728
1097541728
