42501968
149153896
563126912
1010132232
1108424760
1108424760
1108424760
1108424760
1108424760
1108424760
1108424760
1108424760
1108424760
1108424760
1108424760
1108424760
1108424760
1108424760
1108424760
1108424760
1108424760
1108424760
1108424760
1108424760
1108424760
1108424760
1108424760
1108424760
1106703448
1106703448
1106703448
1106703448
1106703448
1106703448
1106703448
1106703448
1106703448
1106703448
1106703448
1106703448
1106703448
1106703448
1106703448
1106703448
1106703448
1106703448
1106703448
1106703448
1106703448
1106703448
1106703448
1106703448
1106703448
1106703448
1106703448
1106703448
1106703448
1106703448
1106703448
1106703448
1106703448
1106703448
1106703448
1106703448
1106703448
1106703448
1106703448
1106703448
1106703448
1106703448
1106703448
1106703448
1106703448
1106703448
1063103648
1063103648
1063103648
1063103648
1063103648
1063103648
1063103648
1063103648
1063103648
1063103648
1063103648
1063103648
1063103648
1063103648
1063103648
1063103648
1063103648
1063103648
1063103648
1063103648
1063103648
1063103648
1063103648
1063103648
1063103648
1063103648
1063103648
1063103648
1063103648
1063103648
1063103648
1063103648
1063103648
1063103648
1063103648
1063103648
1063103648
1063103648
1063103648
1063103648
1063103648
1063103648
1063103648
1063103648
1063103648
1022467992
1022467992
1022467992
1022467992
1022467992
1022467992
1022467992
1022467992
1022467992
1022467992
1022467992
1022467992
1022467992
1022467992
1022467992
1022467992
1022467992
1022467992
1022467992
1022467992
1022467992
1022467992
1022467992
941841568
941841568
941841568
941841568
941841568
941841568
941841568
941841568
941841568
941841568
941841568
941841568
941841568
941841568
941841568
941841568
941841568
941841568
941841568
941841568
941841568
941841568
941841568
941841568
941841568
941841568
941841568
941841568
941841568
941841568
941841568
941841568
941841568
986077288
1113273176
1113273176
1113273176
1113273176
1113273176
1113273176
1113273176
1113273176
1113273176
1113273176
1113273176
1113273176
1113273176
1113273176
1113273176
1113273176
1113273176
1113273176
1113273176
1113273176
1113273176
1113273176
1113273176
1113273176
1113273176
1110966344
1110966344
1110966344
1110966344
1110966344
1110966344
1110966344
1110966344
1110966344
1110966344
1110966344
1110966344
1110966344
1110966344
1110966344
1110966344
1110966344
1110966344
1110966344
1110966344
1110966344
1110966344
1110966344
1110966344
1110966344
1110966344
1110966344
1110966344
1110966344
1110966344
1110966344
1110966344
1110966344
1110966344
1110966344
1110966344
1110966344
1110966344
1110966344
1110966344
1110966344
1110966344
1110966344
1063838984
1063838984
1063838984
1063838984
1063838984
1063838984
1063838984
1063838984
1063838984
1063838984
1063838984
1063838984
1063838984
1063838984
1063838984
1063838984
1063838984
1063838984
1063838984
1063838984
1063838984
1063838984
1063838984
1063838984
1063838984
1063838984
1063838984
1063838984
1063838984
1063838984
1063838984
1063838984
1063838984
1063838984
1063838984
1063838984
1063838984
1063838984
1063838984
1063838984
1063838984
1063838984
1063838984
1063838984
1021620104
1021620104
1021620104
1021620104
1021620104
1021620104
1021620104
1021620104
1021620104
1021620104
1021620104
1021620104
1021620104
1021620104
1021620104
1021620104
1021620104
1021620104
1021620104
1021620104
1021620104
1021620104
1021620104
1021620104
1021620104
1021620104
1021620104
1021620104
1021620104
1021620104
1021620104
1021620104
1021620104
1021620104
1021620104
1021620104
1021620104
1021620104
1021620104
1021620104
1021620104
1021620104
1021620104
1111424120
1111948872
1111948872
1111948872
1111948872
1111948872
1111948872
1111948872
1111948872
1111948872
1111948872
1111948872
1111948872
1111948872
1111948872
1111948872
1111948872
1111948872
1111948872
1111948872
1111948872
941566080
941566080
941566080
941566080
941566080
941566080
941566080
941566080
941566080
941566080
941566080
941566080
941566080
941566080
941566080
941566080
941566080
941566080
941566080
941566080
941566080
941566080
941566080
941566080
941566080
941566080
941566080
941566080
941566080
941566080
941566080
1113494808
1114242584
1114242584
1114242584
1114242584
1114242584
1114242584
1114242584
1114242584
1114242584
1114242584
1114242584
1114242584
1114242584
1114242584
1114242584
1114242584
1114242584
1114242584
1114242584
1114242584
1110647352
1110647352
1110647352
1110647352
1110647352
1110647352
1110647352
1110647352
1110647352
1110647352
1110647352
1110647352
1110647352
1110647352
1110647352
1110647352
1110647352
1110647352
1110647352
1110647352
1110647352
1110647352
1110647352
941481840
941481840
941481840
941481840
941481840
941481840
941481840
941481840
941481840
941481840
941481840
941481840
941481840
941481840
941481840
941481840
941481840
941481840
941481840
1077025392
1112600664
1112600664
1112600664
1112600664
1112600664
1112600664
1112600664
1112600664
1112600664
1112600664
1112600664
1112600664
1112600664
1112600664
1112600664
1112600664
1112600664
1112600664
1112600664
1112600664
1112600664
1112600664
1112600664
1112600664
1112600664
1112600664
1112600664
1112600664
1112600664
1112600664
1112600664
1112600664
1112600664
1112600664
1112600664
1112600664
1112600664
1112600664
1112600664
1112600664
1112600664
1112600664
1112600664
1112600664
1112600664
1112600664
1112600664
1112600664
1112600664
1112600664
1112600664
1112600664
1112600664
1112600664
1111039536
1111039536
1111039536
1111039536
1111039536
1111039536
1111039536
1111039536
1111039536
1111039536
1111039536
1111039536
1111039536
1111039536
1111039536
1111039536
1111039536
1111039536
1111039536
1111039536
1111039536
1111039536
1111039536
1111039536
1111039536
1111039536
1111039536
1111039536
1111039536
1111039536
1111039536
1111039536
1111039536
1111039536
1111039536
1111039536
1111039536
1111039536
1111039536
1111039536
1111039536
1111039536
1111039536
1111039536
1063883864
1063883864
1063883864
1063883864
1063883864
1063883864
1063883864
1063883864
1063883864
1063883864
1063883864
1063883864
1063883864
1063883864
1063883864
1063883864
1063883864
1063883864
1063883864
1063883864
1063883864
1063883864
1063883864
1063883864
1063883864
1063883864
1063883864
1063883864
1063883864
1063883864
1063883864
1063883864
1063883864
1063883864
1063883864
1063883864
1063883864
1063883864
1063883864
1063883864
1063883864
1063883864
1063883864
1063883864
1063883864
1063883864
1063883864
1063883864
1063883864
1020777744
1020777744
1020777744
1020777744
1020777744
1020777744
1020777744
1020777744
1020777744
1020777744
1020777744
1020777744
1020777744
1020777744
1020777744
1020777744
1020777744
1020777744
1020777744
1020777744
1020777744
1020777744
1020777744
1020777744
1020777744
1020777744
1020777744
1020777744
1020777744
1020777744
1020777744
1020777744
1020777744
1020777744
1020777744
1020777744
1020777744
1020777744
1020777744
1020777744
1020777744
1020777744
1020777744
1020777744
1020777744
1020777744
1020777744
1020777744
986228496
986228496
986228496
986228496
986228496
986228496
986228496
986228496
986228496
986228496
986228496
986228496
986228496
986228496
986228496
986228496
986228496
986228496
986228496
986228496
986228496
986228496
941680696
941680696
941680696
941680696
941680696
941680696
941680696
941680696
941680696
941680696
941680696
941680696
941680696
941680696
941680696
941680696
941680696
943152064
1113946376
1113946376
1113946376
1113946376
1113946376
1113946376
1113946376
1113946376
1113946376
1113946376
1113946376
1113946376
1113946376
1113946376
1113946376
1113946376
1113946376
1113946376
1113946376
1113946376
1113946376
1113946376
1113946376
1113946376
1113946376
1113946376
1113946376
1113946376
1113946376
1113946376
1113946376
1113946376
1113946376
1113946376
1113946376
1113946376
1113946376
1113946376
1113946376
1113946376
1113946376
1113946376
1113946376
1113946376
1113946376
1113946376
1113946376
1113946376
1113946376
1113946376
1110415360
1110415360
1110415360
1110415360
1110415360
1110415360
1110415360
1110415360
1110415360
1110415360
1110415360
1110415360
1110415360
1110415360
1110415360
1110415360
1110415360
1110415360
1110415360
1110415360
941532248
941532248
941532248
941532248
941532248
941532248
941532248
941532248
941532248
941532248
941532248
941532248
941532248
941532248
941532248
941532248
941532248
941532248
941532248
941532248
941532248
941532248
941532248
941532248
941532248
983465968
1112995608
1112995608
1112995608
1112995608
1112995608
1112995608
1112995608
1112995608
1112995608
1112995608
1112995608
1112995608
1112995608
1112995608
1112995608
1112995608
1112995608
1112995608
1112995608
1112995608
1112995608
1112995608
1112995608
1112995608
1112995608
1112995608
1111306056
1111306056
1111306056
1111306056
1111306056
1111306056
1111306056
1111306056
1111306056
1111306056
1111306056
1111306056
1111306056
1111306056
1111306056
1111306056
1111306056
1111306056
1111306056
1111306056
1111306056
1111306056
1111306056
1111306056
1111306056
1111306056
1111306056
1111306056
1111306056
1111306056
1111306056
1111306056
1111306056
1063640824
1063640824
1063640824
1063640824
1063640824
1063640824
1063640824
1063640824
1063640824
1063640824
1063640824
1063640824
1063640824
1063640824
1063640824
1063640824
1063640824
1063640824
1063640824
1063640824
1063640824
1063640824
1063640824
1063640824
1063640824
1063640824
1063640824
1063640824
1063640824
1063640824
1063640824
1063640824
1063640824
1063640824
1063640824
1063640824
1063640824
1063640824
1063640824
1063640824
1063640824
1063640824
1063640824
1063640824
1063640824
1063640824
1063640824
1063640824
1018684960
1018684960
1018684960
1018684960
1018684960
1018684960
1018684960
1018684960
1018684960
1018684960
1018684960
1018684960
1018684960
1018684960
1018684960
1018684960
1018684960
1018684960
1018684960
1018684960
1018684960
941535008
941535008
941535008
941535008
941535008
941535008
941535008
941535008
941535008
941535008
941535008
941535008
941535008
941535008
941535008
941535008
941535008
941535008
941535008
941535008
941535008
941535008
941535008
1113861448
1113861448
1113861448
1113861448
1113861448
1113861448
1113861448
1113861448
1113861448
1113861448
1113861448
1113861448
1113861448
1113861448
1113861448
1113861448
1113861448
1113861448
1113861448
1113861448
1113861448
1113861448
1113861448
1113861448
1113861448
1113861448
1113861448
1113861448
1113861448
1113861448
1113861448
1113861448
1113861448
1113861448
1113861448
1113861448
1113861448
1113861448
1113861448
1113861448
1113861448
1113861448
1113861448
1113861448
1113861448
1113861448
1113861448
1113861448
1111604328
1111604328
1111604328
1111604328
1111604328
1111604328
1111604328
1111604328
1111604328
1111604328
1111604328
1111604328
1111604328
1111604328
1111604328
1111604328
1111604328
1111604328
1111604328
1111604328
1111604328
1111604328
1111604328
