1481720
3246536
17196600
82530704
406114880
991813632
991813632
956742392
956742392
956742392
956742392
956742392
956742392
956742392
956742392
956742392
956742392
956742392
956742392
956742392
956742392
956742392
991813632
992484064
992484064
956412352
956412352
956412352
956412352
956412352
956412352
956412352
956412352
956412352
956412352
992484064
992484064
992484064
992484064
992484064
992484064
992484064
992484064
992484064
992484064
992484064
992484064
992484064
992484064
992484064
992484064
992484064
991789464
991789464
991789464
945777192
960074552
960074552
960074552
960074552
960074552
960074552
960074552
960074552
960074552
960074552
960074552
960074552
960209888
960209888
960209888
960209888
960209888
960209888
960209888
960209888
960209888
960209888
960209888
960209888
960209888
960209888
993077864
993077864
993077864
993077864
959818392
959818392
959818392
959818392
959818392
959818392
959818392
959818392
959818392
959818392
959818392
959818392
959818392
959818392
959818392
959818392
959818392
959818392
959818392
959818392
959818392
959818392
992439184
992439184
992439184
992439184
956679560
956679560
956679560
956679560
956679560
956679560
956679560
956679560
956679560
956679560
956679560
959456592
975924072
992158856
992158856
992158856
992158856
992158856
992158856
958465088
960459144
960459144
960459144
960459144
960459144
960459144
960459144
960459144
960459144
960459144
960459144
960459144
960459144
960459144
982223824
992205808
992205808
956888768
956888768
956888768
956888768
956888768
956888768
956888768
956888768
956888768
956888768
956888768
956888768
992599376
992599376
992599376
992599376
992599376
992599376
992599376
992599376
992599376
992599376
956779680
956779680
956779680
956779680
956779680
956779680
956779680
956779680
956779680
956779680
956779680
956779680
992599376
997289672
997289672
997289672
997289672
997289672
997289672
997289672
958362904
958362904
958362904
958362904
958362904
958362904
958362904
958362904
958362904
958362904
958362904
958362904
958362904
958362904
958362904
958362904
960664896
960664896
960664896
960664896
960664896
960664896
960664896
960664896
960664896
960664896
960664896
960664896
992752656
992752656
992752656
992752656
960180192
960180192
960180192
960180192
960180192
960180192
960180192
960180192
960180192
960180192
960180192
960180192
960180192
960180192
960180192
960198144
992458520
992458520
956913624
956913624
956913624
956913624
956913624
956913624
956913624
956913624
956913624
956913624
956913624
956913624
956913624
956913624
956913624
956913624
956913624
956913624
992363928
992363928
992363928
992363928
992363928
992363928
992363928
992363928
958080504
956780368
956780368
956780368
956780368
956780368
956780368
956780368
956780368
956780368
956780368
956780368
958080504
988539464
992061504
992061504
992061504
992061504
960142216
992061504
992061504
992061504
992061504
992061504
992061504
992061504
992061504
992061504
992061504
992061504
992061504
992061504
992061504
992061504
992061504
992061504
992061504
992061504
992061504
960522664
960522664
960522664
960522664
960522664
960522664
960522664
960522664
991469088
991469088
991469088
991469088
991469088
991469088
991469088
991469088
991469088
991469088
991469088
991469088
992328024
992328024
956872888
956872888
956872888
956872888
956872888
956872888
956872888
956872888
956872888
956872888
956872888
956872888
956872888
956872888
956872888
956872888
991996600
991996600
991996600
991996600
991996600
991996600
991996600
991996600
959282600
957048960
957048960
957048960
957048960
957048960
957048960
957048960
957048960
957048960
957048960
957048960
957048960
957048960
959282600
990885648
992374280
992374280
992374280
992374280
992374280
992374280
959830824
952876504
952876504
952876504
952876504
952876504
952876504
952876504
959863960
959863960
959863960
959863960
959863960
959863960
959863960
959863960
959863960
959863960
959863960
959863960
972908136
991765984
991765984
960970080
960970080
960970080
960970080
960970080
960970080
960970080
960970080
960970080
960970080
960970080
960970080
960970080
960970080
960970080
960970080
992273472
992273472
992273472
992273472
992273472
992273472
992273472
992273472
960470880
960040720
960040720
960040720
960040720
960040720
960040720
960040720
960040720
960040720
960040720
960040720
960470880
960470880
960470880
960470880
960470880
960470880
960470880
960470880
960470880
960470880
960470880
960470880
960470880
960470880
960470880
992363928
992363928
992363928
992363928
992363928
992363928
958282120
960230600
960230600
960230600
960230600
960230600
960230600
960230600
960230600
960230600
960230600
960230600
960230600
960230600
960230600
960230600
992126408
992126408
960755352
960755352
960755352
960755352
960755352
960755352
960755352
960755352
960755352
960755352
960755352
960755352
991991080
991991080
991991080
991991080
992714680
992714680
992714680
992714680
992714680
992714680
992714680
959985488
959985488
959985488
959985488
959985488
959985488
959985488
959985488
959985488
959985488
959985488
959985488
959985488
959985488
992714680
992714680
991174264
991174264
991174264
960093200
991174264
991174264
991174264
991174264
991174264
991174264
991174264
991174264
991174264
991174264
991174264
991174264
991174264
991174264
991174264
991174264
991906840
991906840
991906840
991906840
991906840
959788016
959788016
959788016
959788016
959788016
959788016
959788016
991906840
991906840
991906840
991906840
991906840
991906840
991906840
991906840
991906840
991906840
991906840
991906840
991906840
991906840
991906840
993135864
993135864
993135864
956958504
956958504
956958504
956958504
956958504
956958504
956958504
956958504
956958504
956958504
956958504
967582616
992339072
992339072
992339072
992339072
992339072
992339072
992339072
992339072
992339072
992339072
992339072
992339072
992339072
992339072
992339072
992339072
992339072
992339072
992339072
992339072
992339072
992339072
992339072
992339072
957610304
957610304
957610304
