2218433448
2218433448
2218433448
2218433448
2218433448
1386069168
1386069168
1386069168
974579744
974579744
974579744
974579744
974579744
974579744
974579744
974579744
974579744
974579744
974579744
974579744
974579744
2218433448
2218433448
1096759440
1096759440
1096759440
1096759440
1096759440
1096759440
1096759440
1096759440
1096759440
1096759440
1096759440
1096759440
1096759440
1096759440
1096759440
1096759440
1096759440
1096759440
2038092144
938284320
938284320
938284320
938284320
938284320
938284320
1047252056
1047252056
1047252056
1047252056
1047252056
1047252056
1047252056
1047252056
1047252056
1047252056
1047252056
1047252056
1047252056
1047252056
1047252056
1047252056
1047252056
1220658376
1220658376
939624504
939624504
939624504
939624504
939624504
939624504
939624504
939624504
939624504
939624504
939624504
939624504
939624504
939624504
939624504
939624504
951655080
973384552
1069611232
1561643528
1915476768
946982048
946982048
946982048
946982048
946982048
946982048
946982048
946982048
946982048
946982048
946982048
946982048
946982048
946982048
946982048
946982048
1915476768
2026768600
1002002752
1002002752
1002002752
1002002752
2026768600
2026768600
2026768600
2026768600
2026768600
2026768600
2026768600
2026768600
2026768600
2026768600
2026768600
2026768600
2026768600
2026768600
2026768600
2026768600
2026768600
2026768600
2026768600
2026768600
2026768600
2026768600
2026768600
942232376
942232376
942232376
942232376
942232376
942232376
942232376
942232376
942232376
942232376
942232376
942232376
942232376
942232376
942232376
942232376
1903859088
1928177784
953261096
953261096
953261096
953261096
953261096
953261096
953261096
953261096
953261096
953261096
953261096
953261096
953261096
953261096
953261096
953261096
1920000664
1350000216
949218448
949218448
949218448
949218448
949218448
949218448
949218448
1920000664
1920000664
1920000664
1920000664
1920000664
1920000664
1920000664
1920000664
1920000664
1920000664
1920000664
1920000664
1920000664
1920000664
1920000664
1920000664
1920000664
1920000664
1920000664
1920000664
1632298328
1632298328
1632298328
1632298328
1632298328
1632298328
1632298328
1632298328
1632298328
1632298328
1632298328
1632298328
1632298328
1632298328
1632298328
1632298328
1632298328
1632298328
972403408
972403408
972403408
972403408
940741672
940741672
940741672
940741672
940741672
940741672
940741672
940741672
940741672
940741672
940741672
940741672
940741672
940741672
940741672
940741672
1138241600
1473607784
1473607784
1473607784
1473607784
1473607784
1473607784
1473607784
1473607784
1473607784
1473607784
1473607784
1473607784
1473607784
1473607784
1473607784
1473607784
1473607784
1473607784
1473607784
1473607784
1473607784
1473607784
1473607784
1473607784
1473607784
1473607784
1036130128
942629384
942629384
942629384
942629384
942629384
942629384
942629384
942629384
942629384
942629384
942629384
942629384
942629384
942629384
942629384
1473607784
1904146320
1904146320
1904146320
1904146320
1904146320
1904146320
1904146320
1904146320
1904146320
1904146320
1904146320
1904146320
1904146320
1904146320
1904146320
1904146320
1904146320
1904146320
1904146320
1904146320
1904146320
1133918624
1133918624
1133918624
1133918624
1133918624
1133918624
1133918624
1133918624
1133918624
1133918624
1133918624
1133918624
1133918624
1133918624
1133918624
1133918624
1133918624
1133918624
1133918624
1133918624
1133918624
1133918624
1133918624
1133918624
1133918624
1133918624
1133918624
1133918624
1133918624
1133918624
1133918624
1133918624
940808640
940195512
940195512
940195512
940195512
940195512
940195512
940195512
940195512
940195512
940195512
940195512
940195512
940195512
940195512
940195512
1085103088
1603442608
1819306712
1242600512
1242600512
1242600512
1242600512
1242600512
1242600512
1242600512
1242600512
1242600512
1242600512
1242600512
1242600512
1242600512
1242600512
1242600512
1242600512
1242600512
1242600512
1242600512
1242600512
1242600512
940312896
940312896
940312896
940312896
1181885584
1181885584
1181885584
1181885584
1181885584
1181885584
1181885584
1181885584
1181885584
1181885584
1181885584
1181885584
1181885584
1181885584
1181885584
1181885584
1181885584
1181885584
1181885584
1181885584
1181885584
1181885584
1181885584
1137882560
1382569912
1382569912
1382569912
1382569912
1382569912
1382569912
1382569912
1382569912
1382569912
1382569912
1382569912
1382569912
1382569912
1382569912
1382569912
1382569912
1382569912
1382569912
966549000
972073368
1138430088
1625791424
1897445400
940090568
940090568
940090568
940090568
940090568
940090568
940090568
940090568
940090568
940090568
940090568
940090568
940090568
940090568
940090568
940090568
1921200680
2001604776
1407378152
989562728
989562728
989562728
2001604776
2001604776
2001604776
2001604776
2001604776
2001604776
2001604776
2001604776
2001604776
2001604776
2001604776
2001604776
2001604776
2001604776
2001604776
2001604776
2001604776
2001604776
2001604776
2001604776
2001604776
2001604776
2001604776
2001604776
2001604776
938686168
938686168
938686168
938686168
938686168
938686168
938686168
938686168
938686168
938686168
938686168
938686168
938686168
938686168
938686168
938686168
1892748200
1910020064
1910020064
1910020064
1910020064
1910020064
1910020064
1910020064
1910020064
1910020064
1910020064
1910020064
1910020064
1910020064
1910020064
1910020064
1910020064
1910020064
1910020064
1910020064
1910020064
1910020064
1135972056
1135972056
1135972056
1135972056
941601984
941601984
1135972056
1135972056
1135972056
1135972056
1135972056
1135972056
1135972056
1135972056
1135972056
1135972056
1135972056
1135972056
1135972056
1135972056
1135972056
1135972056
1135972056
1135972056
1083099376
1275658368
1359707400
1359707400
1359707400
1359707400
1359707400
1359707400
1359707400
1359707400
1359707400
1359707400
1359707400
1359707400
1359707400
1359707400
1359707400
1359707400
1359707400
948503128
949288184
1042322864
1522821024
1922591272
1922591272
1922591272
1351821648
1351821648
1351821648
950499256
950499256
950499256
950499256
950499256
950499256
950499256
950499256
950499256
950499256
950499256
950499256
950499256
1922591272
2136181680
1056094784
1056094784
1056094784
1056094784
1056094784
1056094784
1056094784
1056094784
1056094784
1056094784
1056094784
1056094784
1056094784
1056094784
1056094784
1056094784
1056094784
1056094784
2136181680
939983544
941453536
941453536
941453536
941453536
941453536
941453536
941453536
941453536
941453536
941453536
941453536
941453536
941453536
941453536
941453536
1072571928
1645365976
1857415280
1857415280
1857415280
1857415280
1857415280
1857415280
1857415280
1857415280
1857415280
1857415280
1857415280
1857415280
1857415280
1857415280
1857415280
1857415280
1857415280
1857415280
1857415280
1857415280
1857415280
1857415280
1857415280
1857415280
1857415280
1857415280
1857415280
1857415280
1857415280
1857415280
1857415280
1857415280
1857415280
1857415280
1857415280
1857415280
1857415280
1857415280
1857415280
1857415280
1857415280
1857415280
1857415280
1857415280
1857415280
1857415280
1857415280
1857415280
1619537240
1619537240
1619537240
1619537240
1798158600
1264329984
1264329984
1264329984
1264329984
1264329984
1264329984
1264329984
1264329984
1264329984
1264329984
1264329984
1264329984
1264329984
1264329984
1264329984
1264329984
1264329984
1264329984
1264329984
1264329984
1264329984
1798158600
1798158600
1798158600
1798158600
1798158600
1798158600
1798158600
1798158600
1798158600
1798158600
1798158600
1798158600
1798158600
1798158600
1798158600
1798158600
1798158600
1798158600
1798158600
1798158600
1798158600
1622796208
1697567528
1697567528
1896335144
1896335144
1333360128
1333360128
1333360128
1333360128
1333360128
1333360128
1333360128
1333360128
1333360128
1333360128
1333360128
1333360128
1333360128
1333360128
1333360128
1333360128
1896335144
1450343416
1700234776
1700234776
1749411424
1230054848
1230054848
1230054848
1230054848
1230054848
1230054848
1230054848
1230054848
1230054848
1230054848
1230054848
1230054848
1230054848
1230054848
1230054848
1230054848
1230054848
1230054848
1749411424
1749411424
1749411424
1749411424
1749411424
1749411424
1749411424
1749411424
1749411424
1749411424
1749411424
1749411424
1749411424
1749411424
1749411424
1749411424
1749411424
1749411424
1749411424
1629006208
1879999544
1879999544
1909005776
1342269136
1342269136
1342269136
1342269136
1342269136
1342269136
1342269136
1342269136
1342269136
1342269136
1342269136
1342269136
1342269136
1342269136
1342269136
1342269136
1342269136
1342269136
1342269136
1342269136
1342269136
1342269136
1342269136
1342269136
1909005776
1274301616
1524574104
1693187936
1693187936
1918297296
1918297296
1348802272
1348802272
1348802272
1348802272
1348802272
1348802272
1348802272
1348802272
1348802272
1918297296
1918297296
1918297296
1918297296
1918297296
1918297296
1918297296
1918297296
1918297296
1918297296
1918297296
1918297296
1918297296
1918297296
1918297296
1918297296
1918297296
1918297296
1918297296
1681876816
998654016
998654016
998654016
998654016
998654016
998654016
998654016
998654016
998654016
998654016
998654016
998654016
998654016
998654016
998654016
998654016
1156963424
1173899032
1173899032
1173899032
1173899032
941334776
941334776
941334776
941334776
941334776
941334776
941334776
941334776
941334776
941334776
941334776
941334776
941334776
941334776
941334776
941334776
1176358448
1786323424
1892873176
1892873176
1892873176
1892873176
1892873176
1892873176
1892873176
1892873176
1892873176
1892873176
1892873176
1892873176
1892873176
1892873176
1892873176
1892873176
1892873176
1892873176
1892873176
1892873176
1892873176
1892873176
1892873176
1127198376
1127198376
1127198376
1127198376
1127198376
792561312
792561312
792561312
792561312
792561312
792561312
792561312
792561312
792561312
792561312
792561312
792561312
792561312
792561312
792561312
792561312
941575056
1305820432
1612137576
1612137576
1612137576
1612137576
1612137576
1612137576
1612137576
1612137576
1612137576
1612137576
1612137576
1612137576
1612137576
1612137576
1612137576
1612137576
1612137576
1612137576
1612137576
1612137576
1612137576
1612137576
1612137576
1612137576
1612137576
1133534040
1612137576
1612137576
1612137576
1612137576
1612137576
1612137576
1612137576
1612137576
1612137576
1612137576
1612137576
1612137576
1612137576
1612137576
1612137576
1128715320
1128715320
1128715320
1128715320
1128715320
1128715320
1128715320
792561312
792561312
792561312
792561312
792561312
792561312
792561312
792561312
792561312
792561312
792561312
792561312
941575056
1305820432
1612137576
1612137576
1612137576
1612137576
1612137576
1612137576
1612137576
1612137576
1612137576
1612137576
1612137576
1612137576
1612137576
1612137576
1612137576
1612137576
1612137576
1612137576
161213757
