5893768
1125454960
950585560
950585560
950585560
950585560
950585560
950585560
950585560
958574872
958574872
958574872
958574872
958574872
958574872
958574872
1100017032
1096626872
966396408
966396408
966396408
966396408
966396408
966396408
966396408
1115417056
961372616
961372616
961372616
961372616
961372616
961372616
961372616
1115254792
955397376
955397376
955397376
955397376
955397376
955397376
957921008
957921008
957921008
957921008
957921008
957921008
957921008
1112765688
956085072
956085072
956085072
956085072
956085072
956085072
918735320
972505600
1112789848
956927440
956927440
956927440
956927440
956927440
956927440
956927440
1117155632
953177544
953177544
953177544
953177544
971949776
971949776
971949776
971949776
971949776
971949776
971949776
971949776
973546120
973546120
973546120
973546120
973546120
973546120
973546120
1116557696
951599152
951599152
951599152
951599152
951599152
951599152
951599152
1114279176
956625016
956625016
956625016
956625016
956625016
972447600
972447600
972447600
972447600
972447600
972447600
972447600
1116231800
956736176
956736176
956736176
956736176
956736176
956736176
956736176
1020067952
951967168
951967168
951967168
951967168
951967168
951967168
951967168
1115509576
950721584
950721584
950721584
950721584
950721584
950721584
950721584
1114344768
970129728
970129728
970129728
970129728
970129728
970129728
970129728
970440432
970440432
970440432
970440432
970440432
970440432
970440432
1119282248
970701424
970701424
970701424
970701424
970701424
970701424
970701424
970701424
970701424
970701424
1120266152
956729272
956729272
956729272
956729272
956729272
956729272
959578112
963349408
963349408
963349408
963349408
963349408
963349408
963349408
1116666096
1116666096
952710104
952710104
952710104
952710104
952710104
952710104
968185392
1114658240
951486608
951486608
951486608
951486608
951486608
951486608
971718472
971718472
971718472
978994544
978994544
978994544
978994544
1115959752
957479112
957479112
957479112
957479112
957479112
957479112
957479112
1116666096
957026864
957026864
957026864
957026864
957026864
957026864
957026864
1115580000
969018776
969018776
969018776
969018776
969018776
969018776
969018776
972089944
956311544
956311544
956311544
956311544
956311544
956311544
972089944
972089944
972089944
972089944
972089944
972089944
972089944
1117863352
958285568
958285568
958285568
958285568
958285568
958285568
958285568
1116883592
957239528
957239528
957239528
957239528
957239528
957239528
971312488
956162408
956162408
956162408
956162408
956162408
956162408
956162408
1114063064
954552944
954552944
954552944
954552944
954552944
954552944
954552944
1114766640
955158480
955158480
955158480
955158480
955158480
955158480
1011212800
969084368
969084368
969084368
969084368
969084368
969084368
969084368
1115742952
969718208
969718208
969718208
969718208
969718208
969718208
969718208
969718208
969718208
969718208
1120703904
951220784
951220784
951220784
951220784
951220784
951220784
971842760
931596520
931596520
931596520
931596520
931596520
931596520
931596520
994128744
954094480
954094480
954094480
954094480
954094480
954094480
954094480
1115742952
973136680
973136680
973136680
973136680
973136680
973136680
973136680
970892688
953760296
970892688
970892688
970892688
970892688
970892688
970892688
970892688
1119117920
954339592
954339592
954339592
954339592
954339592
954339592
954339592
1114067896
952547160
952547160
952547160
952547160
952547160
952547160
952547160
1115797496
954417616
954417616
954417616
954417616
954417616
954417616
973595840
973595840
973595840
973595840
973595840
973595840
973595840
973333464
958005936
958005936
958005936
958005936
958005936
958005936
1116565288
967252576
967252576
967252576
967252576
967252576
967252576
967252576
1117155632
957453568
957453568
957453568
957453568
957453568
957453568
971782000
954956864
954956864
954956864
954956864
954956864
954956864
954956864
1115091848
957026864
957026864
957026864
957026864
957026864
958276592
958276592
958276592
958276592
958276592
958276592
958276592
1118627000
956544920
956544920
956544920
956544920
956544920
956544920
956544920
1115254792
956435136
956435136
956435136
956435136
956435136
956435136
956435136
1120266152
923977296
923977296
923977296
923977296
923977296
923977296
923977296
1117591312
972578096
972578096
972578096
972578096
972578096
972578096
972578096
1114621640
955938696
955938696
955938696
955938696
955938696
955938696
972611240
957633776
1116448600
957317544
957317544
957317544
957317544
957317544
957317544
957317544
971845520
963284504
963284504
963284504
963284504
963284504
963284504
1113423696
954672392
954672392
954672392
954672392
954672392
954672392
954672392
1115688400
957572328
957572328
957572328
957572328
970633760
970633760
970633760
970633760
970633760
970633760
970633760
973650384
973650384
973650384
973650384
973650384
973650384
973650384
1115905896
960933488
960933488
960933488
960933488
960933488
960933488
960933488
1117972448
952705272
952705272
952705272
952705272
952705272
952705272
971938728
1114788040
956835608
956835608
956835608
956835608
956835608
956835608
956835608
1115905896
927794160
927794160
927794160
927794160
927794160
927794160
927794160
959261880
959261880
959261880
959261880
959261880
959261880
959261880
959261880
1116829736
948086096
948086096
948086096
948086096
948086096
948086096
970602000
954749032
954749032
954749032
954749032
954749032
954749032
954749032
1112895496
954822224
954822224
954822224
954822224
954822224
954822224
954822224
1114658240
953341184
953341184
953341184
953341184
953341184
953341184
953341184
1119992736
971830328
971830328
971830328
971830328
971830328
971830328
971830328
971830328
971830328
1117972448
952855104
952855104
952855104
952855104
952855104
952855104
952855104
1115688400
953612536
953612536
953612536
953612536
953612536
953612536
970013040
952072808
952072808
952072808
952072808
952072808
952072808
971290392
971290392
971290392
971290392
971290392
971290392
971290392
1114604384
956911560
956911560
956911560
956911560
956911560
