165016
1691624
2257112
7348560
22799680
71683576
229874224
711893464
955681152
955681152
955681152
955681152
955681152
955681152
955681152
955681152
955681152
955681152
955681152
955681152
955681152
955681152
955681152
955681152
955681152
955681152
955681152
955681152
955681152
955681152
955681152
955681152
955681152
955681152
954737296
954737296
954737296
954737296
954737296
954737296
954737296
954737296
954737296
954737296
954737296
954737296
954737296
954737296
954737296
954737296
954737296
954737296
954737296
954737296
954737296
954737296
954737296
954737296
954737296
954737296
954737296
954737296
954737296
954737296
954737296
954737296
954737296
954737296
954737296
954737296
954737296
954737296
954737296
954737296
954737296
953872152
953872152
953872152
953872152
953872152
953872152
953872152
953872152
953872152
953872152
953872152
953872152
953872152
953872152
953872152
953872152
953872152
953872152
953872152
953872152
953891480
953891480
953891480
953891480
953891480
953891480
953891480
953891480
953891480
953891480
953891480
953891480
953891480
953891480
953891480
953891480
953891480
953891480
953891480
953891480
953891480
953891480
953891480
953891480
953891480
953891480
953891480
953891480
953891480
953891480
953891480
953891480
953891480
953891480
954473544
954842248
954842248
954842248
954842248
954842248
954842248
954842248
954842248
954842248
954842248
954842248
954842248
954842248
954842248
954842248
954842248
954842248
954842248
954842248
954842248
954842248
954842248
954842248
954842248
954842248
954842248
953183072
953183072
953183072
953183072
953183072
953183072
953183072
953183072
953183072
953183072
953183072
953183072
953183072
953183072
953183072
953183072
953183072
953183072
953183072
953183072
953183072
953183072
953183072
953183072
953183072
953183072
953183072
953183072
953183072
953183072
953183072
953183072
953183072
953183072
953183072
953794128
953794128
953794128
953794128
953794128
953794128
953794128
953794128
953794128
953794128
953794128
953794128
953794128
953794128
953794128
953794128
953794128
953794128
953794128
953794128
953794128
953794128
953794128
953794128
954142120
954142120
954142120
954142120
954142120
954142120
954142120
954142120
954142120
954142120
954142120
954142120
954142120
954142120
954142120
954142120
954142120
954142120
954142120
954142120
954142120
954142120
954142120
954142120
954142120
954142120
954142120
954142120
954142120
954142120
954142120
954142120
954142120
954142120
954142120
954142120
954142120
954142120
954142120
953906672
953906672
953906672
953906672
953906672
953906672
953906672
953906672
953906672
953906672
953906672
953906672
953906672
953906672
953906672
953906672
953906672
953906672
953906672
953906672
953906672
953906672
953906672
953906672
953906672
953906672
953906672
953906672
953906672
953906672
953906672
953906672
953906672
953906672
953906672
953906672
953906672
953906672
953906672
955351112
955351112
955351112
955351112
955351112
955351112
955351112
955351112
955351112
955351112
955351112
955351112
955351112
955351112
955351112
955351112
955351112
955351112
955351112
955351112
955351112
955351112
955351112
955351112
955432592
955432592
955432592
955432592
955432592
955432592
955432592
955432592
955432592
955432592
955432592
955432592
955432592
955432592
955432592
955432592
955432592
955432592
955432592
955432592
955432592
955432592
955432592
955432592
955432592
955432592
955432592
955432592
955432592
955432592
955432592
955432592
955432592
955432592
955432592
955432592
955432592
955432592
955432592
955432592
955432592
955432592
953604248
953604248
953604248
953604248
953604248
953604248
953604248
953604248
953604248
953604248
953604248
953604248
953604248
953604248
953604248
953604248
953604248
953604248
953604248
953604248
953604248
953604248
953604248
953604248
953604248
953604248
953604248
953604248
953604248
953604248
953604248
953604248
953604248
953604248
953947408
954772512
954772512
954772512
954772512
954772512
954772512
954772512
954772512
954772512
954772512
954772512
954772512
954772512
954772512
954772512
954772512
954772512
954772512
954772512
954772512
954772512
954085504
954085504
954085504
954085504
954085504
954085504
954085504
954085504
954085504
954085504
954085504
954085504
954085504
954085504
954085504
954085504
954085504
954085504
954085504
954085504
954085504
954085504
954085504
954085504
954085504
954085504
954085504
954085504
954085504
954085504
954085504
954085504
954085504
954681368
954681368
954681368
954681368
954681368
954681368
954681368
954681368
954681368
954681368
954681368
954681368
954681368
954681368
954681368
954681368
954681368
954681368
954681368
954681368
954681368
954681368
954983792
954983792
954983792
954983792
954983792
954983792
954983792
954983792
954983792
954983792
954983792
954983792
954983792
954983792
954983792
954983792
954983792
954983792
954983792
954983792
954983792
954983792
954983792
954983792
954983792
954983792
954983792
954983792
954983792
954983792
954983792
954983792
954983792
954983792
954983792
954983792
954983792
954983792
954983792
954983792
954983792
954983792
954983792
954983792
953825200
953825200
953825200
953825200
953825200
953825200
953825200
953825200
953825200
953825200
953825200
953825200
953825200
953825200
953825200
953825200
953825200
953825200
953825200
953825200
953825200
953825200
955053528
955053528
955053528
955053528
955053528
955053528
955053528
955053528
955053528
955053528
955053528
955053528
955053528
955053528
955053528
955053528
955053528
955053528
955053528
955053528
955053528
955053528
955053528
955053528
955053528
955053528
955053528
955053528
955053528
955053528
955053528
955053528
955053528
955053528
955053528
955053528
955053528
955053528
955053528
955053528
955053528
955053528
955053528
955053528
955053528
953561440
953561440
953561440
953561440
953561440
953561440
953561440
953561440
953561440
953561440
953561440
953561440
953561440
953561440
953561440
953561440
953561440
953561440
953561440
953561440
953561440
953561440
953561440
955368376
955368376
955368376
955368376
955368376
955368376
955368376
955368376
955368376
955368376
955368376
955368376
955368376
955368376
955368376
955368376
955368376
955368376
955368376
955368376
955368376
955368376
955368376
955368376
955368376
955368376
955368376
955368376
955368376
955368376
955368376
955368376
955368376
955368376
955368376
955368376
955391856
955391856
955391856
955391856
955391856
955391856
955391856
955391856
955391856
955391856
955391856
955391856
955391856
955391856
955391856
955391856
955391856
955391856
955391856
955391856
955391856
954810488
954810488
954810488
954810488
954810488
954810488
954810488
954810488
954810488
954810488
954810488
954810488
954810488
954810488
954810488
954810488
954810488
954810488
954810488
954810488
954810488
954810488
954810488
954810488
954810488
954810488
954810488
954810488
954810488
954810488
954810488
954810488
954810488
954810488
954810488
954810488
954810488
954810488
954810488
954810488
954810488
954810488
954810488
954810488
954810488
954810488
954810488
954810488
954810488
954810488
954810488
954810488
954810488
954277448
954277448
954277448
954277448
954277448
954277448
954277448
954277448
954277448
954277448
954277448
954277448
954277448
954277448
954277448
954277448
954277448
954277448
954277448
954442472
954442472
954442472
954442472
954442472
954442472
954442472
955081144
955081144
955081144
955081144
955081144
955081144
955081144
955081144
955081144
955081144
955081144
955081144
955081144
955081144
955081144
955081144
955081144
955081144
955081144
955081144
955081144
955081144
955081144
955081144
955081144
955081144
955081144
953549704
953549704
953549704
953549704
953549704
953549704
953549704
953549704
953549704
953549704
953549704
953549704
953549704
953549704
953549704
953549704
953549704
953549704
953549704
953549704
953549704
953549704
953549704
953549704
953549704
953549704
953549704
953549704
953549704
953549704
953549704
954925792
954925792
954925792
954925792
954925792
954925792
954925792
954925792
954925792
954925792
954925792
954925792
954925792
954925792
954925792
954925792
954925792
954925792
954925792
954925792
954925792
954910600
954910600
954910600
954910600
954910600
954910600
954910600
954910600
954910600
954910600
954910600
954910600
954910600
954910600
954910600
954910600
954910600
954910600
954910600
954910600
954910600
954910600
954910600
954910600
954910600
954910600
954910600
954910600
954910600
954910600
954910600
955391856
955391856
955391856
955391856
955391856
955391856
955391856
955391856
955391856
955391856
955391856
955391856
955391856
955391856
955391856
955391856
955391856
955391856
955391856
955391856
955391856
955391856
955391856
955391856
955391856
955391856
955391856
954751104
954751104
954751104
954751104
954751104
954751104
954751104
954751104
954751104
954751104
954751104
954751104
954751104
954751104
954751104
954751104
954751104
954751104
954751104
954751104
954751104
954751104
954751104
954751104
954751104
954751104
954751104
954751104
954751104
954751104
954751104
954751104
954751104
954751104
954751104
954751104
954751104
954751104
954751104
954751104
954751104
954751104
954751104
954751104
954751104
954751104
953870080
953870080
953870080
953870080
953870080
953870080
953870080
953870080
953870080
953870080
953870080
953870080
953870080
953870080
953870080
953870080
953870080
953870080
953870080
953870080
955409112
955409112
955409112
955409112
955409112
955409112
955409112
955409112
955409112
955409112
955409112
955409112
955409112
955409112
955409112
955409112
955409112
955409112
955409112
955409112
955409112
955409112
955409112
955409112
955409112
955409112
955409112
955409112
955409112
955409112
955409112
955409112
955409112
955409112
955409112
955409112
955409112
955409112
955409112
955409112
955409112
955409112
955409112
955409112
955409112
955434664
955434664
955434664
955434664
955434664
955434664
955434664
955434664
955434664
955434664
955434664

