965600304
985001552
985001552
956350208
956350208
956350208
956350208
917326784
917326784
917326784
917326784
917326784
917326784
917326784
917326784
917326784
917326784
917326784
985001552
985001552
985001552
985001552
985001552
985001552
985001552
985001552
960155336
960155336
960155336
960155336
960155336
984330424
984330424
984330424
984330424
984330424
984330424
984330424
984330424
984330424
984330424
984330424
984330424
984330424
984330424
984393256
984393256
984393256
956655392
956655392
956655392
956655392
956655392
956655392
956655392
956655392
956655392
956655392
956655392
956655392
956655392
985125144
985125144
985125144
985125144
985125144
985125144
985125144
985125144
985125144
985125144
985125144
985125144
985125144
985125144
985125144
985125144
985125144
985125144
985125144
985125144
985125144
985125144
985125144
985125144
985125144
985125144
985125144
985125144
985125144
984856552
956747224
956747224
956747224
956747224
956747224
956747224
956747224
956747224
956747224
956747224
956747224
984856552
984856552
985574632
985574632
985574632
985574632
985574632
985574632
985574632
985574632
958994672
958994672
958994672
958994672
958994672
958994672
958994672
958994672
958994672
958994672
958994672
958994672
960399760
984945624
984945624
984945624
984945624
984945624
984945624
984945624
984945624
984945624
984945624
984945624
984945624
984945624
984945624
984945624
984945624
984945624
984569320
984569320
984569320
984569320
984569320
984569320
984569320
984569320
984569320
984569320
956591184
956513160
956513160
956513160
956513160
956513160
956513160
956513160
956513160
956513160
956513160
956513160
958494784
958494784
958494784
958494784
958494784
958494784
958494784
958494784
958494784
958494784
958494784
958494784
958494784
984769552
984769552
984769552
984769552
984769552
984769552
984769552
957903744
958037008
958037008
958037008
958037008
958037008
958037008
958037008
959637496
959637496
959637496
959637496
959637496
959637496
959637496
959637496
959637496
959637496
959637496
959637496
959637496
959637496
984794408
984794408
984794408
956690608
956690608
956690608
956690608
956690608
956690608
956690608
956690608
956690608
956690608
956690608
956690608
956690608
983169760
984951832
984951832
984951832
984951832
984951832
984951832
984951832
984951832
984951832
984951832
984951832
984951832
984951832
984951832
984951832
984951832
984951832
984951832
984951832
984951832
984951832
984951832
984951832
984951832
984951832
984951832
984951832
959317120
959317120
959317120
959317120
959317120
959317120
959317120
959317120
959317120
959317120
959317120
959317120
984248256
984248256
984227544
984227544
984227544
984227544
984227544
984227544
957470832
959553256
959553256
959553256
959553256
959553256
959553256
959553256
959553256
959553256
961054320
961054320
961054320
961054320
961054320
961054320
961054320
961054320
961054320
961054320
961054320
961054320
961054320
984752296
984752296
984752296
956598776
956598776
956598776
956598776
956598776
956598776
956598776
956598776
956598776
956598776
956598776
956598776
970084848
984703272
984703272
984703272
984703272
984703272
984703272
984703272
984703272
984703272
984703272
956707872
956707872
956707872
956707872
956707872
956707872
956707872
956707872
956707872
956707872
956707872
956707872
956707872
956707872
957878200
977156536
985201784
985201784
985201784
985201784
985201784
953423352
959125168
959125168
959125168
959125168
959125168
959125168
959125168
959125168
959125168
960048320
960048320
960048320
960048320
960048320
960048320
960048320
960048320
960048320
960048320
960048320
960048320
960048320
984471968
984471968
984471968
984471968
956633992
956694064
956694064
956694064
956694064
956694064
956694064
956694064
956694064
956694064
956694064
956694064
956694064
957907888
969288056
985056784
985056784
985056784
985056784
956606376
956450328
956450328
956450328
956450328
956450328
956450328
956450328
956450328
956450328
956450328
956450328
960509544
975832240
984902816
984902816
984902816
984902816
956815584
956274952
959959248
959959248
959959248
959959248
959959248
959959248
959959248
959959248
959959248
959959248
959959248
959959248
959959248
973004800
984510632
984510632
984510632
984510632
957344472
956506944
956506944
956506944
956506944
956506944
956506944
956506944
956506944
956506944
959412400
959412400
959412400
959412400
959412400
959412400
959412400
959412400
959412400
959412400
959412400
959412400
959412400
959412400
959412400
984937336
984937336
984937336
984937336
984937336
956444808
956444808
956444808
956444808
956444808
956444808
956444808
956444808
956444808
956444808
956444808
956444808
959893656
959893656
959893656
959893656
959893656
959893656
959893656
959893656
959893656
959893656
959893656
959893656
959893656
959893656
984811672
984811672
984811672
984811672
956720992
956437904
956437904
956437904
956437904
956437904
956437904
956437904
956437904
956437904
956437904
956437904
956437904
956437904
956437904
958891104
958891104
984760576
984760576
984760576
984760576
956689920
956450328
956450328
956450328
956450328
956450328
956450328
956450328
956450328
956450328
956450328
956450328
956450328
956450328
956450328
959766608
963167128
984837216
984837216
984837216
984837216
956658160
956350904
956350904
956350904
956350904
956350904
956350904
956350904
956350904
956350904
956350904
959718280
972385456
984828936
984828936
984828936
984828936
956727200
956418568
956418568
960069032
960069032
960069032
960069032
960069032
960069032
960069032
960069032
960069032
960069032
960069032
960069032
960069032
960069032
963339744
984837216
984837216
984837216
984837216
956651944
956344000
956344000
956344000
956344000
956344000
956344000
956344000
956344000
956344000
956344000
956344000
959910912
985389584
985389584
985389584
985389584
985389584
985389584
985389584
985389584
985389584
985389584
985389584
985389584
985389584
985389584
985389584
985389584
985389584
985389584
985389584
956720992
956418568
956418568
