433294152
891255696
954483208
954483208
954483208
954483208
954483208
954483208
954483208
954483208
954483208
954483208
954483208
954483208
954483208
954483208
954483208
954483208
954483208
954483208
954483208
954483208
954483208
954483208
954483208
954696560
954696560
954696560
954696560
954696560
954696560
954696560
954696560
954696560
954696560
954696560
954696560
954696560
954696560
954696560
954696560
954696560
954696560
954696560
954836032
954836032
954836032
954836032
954836032
954836032
954836032
954836032
954836032
954836032
954836032
954836032
954836032
954836032
954836032
954836032
954836032
954836032
954836032
954836032
954836032
954836032
954126240
954126240
954126240
954126240
954126240
954126240
954126240
954126240
954126240
954126240
954126240
954126240
954126240
954126240
954126240
954126240
954126240
954126240
954126240
954126240
954126240
954126240
954126240
954126240
954126240
954126240
954126240
954657896
955407040
955407040
955407040
955407040
955407040
955407040
955407040
955407040
955407040
955407040
955407040
955407040
955407040
955407040
955407040
955407040
955407040
955407040
955407040
955407040
955407040
955407040
953537968
953537968
953537968
953537968
953537968
953537968
953537968
953537968
953537968
953537968
953537968
953537968
953537968
953537968
953537968
953537968
953537968
953537968
953537968
953537968
953537968
953537968
953537968
953537968
953537968
953537968
953537968
953537968
953537968
953537968
953537968
953537968
953537968
954056504
954056504
954056504
954056504
954056504
954056504
954056504
954056504
954056504
954056504
954056504
954056504
954056504
954056504
954056504
954056504
954056504
954056504
954056504
954056504
954056504
954056504
954056504
954056504
954056504
954056504
954056504
953493776
953493776
953493776
953493776
953493776
953493776
953493776
953493776
953493776
953493776
953493776
953493776
953493776
953493776
953493776
953493776
953493776
953493776
953493776
953493776
953493776
953493776
953493776
953493776
953493776
953493776
953508968
953508968
953508968
953508968
953508968
953508968
953508968
953508968
953508968
953508968
953508968
953508968
953508968
953508968
953508968
953508968
953508968
953508968
953508968
953508968
953508968
953508968
954657896
954657896
954657896
954657896
954657896
954657896
954657896
954657896
954657896
954657896
954657896
954657896
954657896
954657896
954657896
954657896
954657896
954657896
954657896
954657896
954657896
954657896
954657896
954657896
954657896
954657896
954657896
954657896
954657896
954657896
954657896
954657896
954657896
954657896
954657896
954657896
954657896
954657896
954657896
954657896
954657896
954657896
954657896
954657896
954657896
954657896
954332000
954332000
954332000
954332000
954332000
954332000
954332000
954332000
954332000
954332000
954332000
954332000
954332000
954332000
954332000
954332000
954332000
954332000
954332000
954332000
954332000
955218544
955218544
955218544
955218544
955218544
955218544
955218544
955218544
955218544
955218544
955218544
955218544
955218544
955218544
955218544
955218544
955218544
955218544
955218544
955218544
955218544
955218544
955218544
955218544
955218544
955218544
955218544
955218544
955218544
955218544
955218544
955218544
955218544
955218544
955218544
955218544
955218544
953513800
953513800
953513800
953513800
953513800
953513800
953513800
953513800
953513800
953513800
953513800
953513800
953513800
953513800
953513800
953513800
953513800
953513800
953513800
954919576
954919576
954919576
954919576
954919576
954919576
954919576
954919576
954919576
954919576
954919576
954919576
954919576
954919576
954919576
954919576
954919576
954919576
954919576
954919576
954919576
954919576
954919576
954919576
954919576
954919576
954919576
954919576
954919576
954919576
953836936
953836936
953836936
953836936
953836936
953836936
953836936
953836936
953836936
953836936
953836936
953836936
953836936
953836936
953836936
953836936
953836936
953836936
953836936
953836936
953836936
955762632
955762632
955762632
955762632
955762632
955762632
955762632
955762632
955762632
955762632
955762632
955762632
955762632
955762632
955762632
955762632
955762632
955762632
955762632
955762632
955762632
955762632
955762632
955762632
955762632
955762632
955762632
955077000
955077000
955077000
955077000
955077000
955077000
955077000
955077000
955077000
955077000
955077000
955077000
955077000
955077000
955077000
955077000
955077000
955077000
955077000
955077000
955077000
955077000
955077000
954653752
954653752
954653752
954653752
954653752
954653752
954653752
954653752
954653752
954653752
954653752
954653752
954653752
954653752
954653752
954653752
954653752
954653752
954653752
954653752
954653752
954653752
954653752
954653752
954653752
954653752
954653752
954345112
954345112
954345112
954345112
954345112
954345112
954345112
954345112
954345112
954345112
954345112
954345112
954345112
954345112
954345112
954345112
954345112
954345112
954345112
953445448
953445448
953445448
953445448
953445448
953445448
953445448
953445448
953445448
953445448
953445448
953445448
953445448
953445448
953445448
953445448
953445448
953445448
953445448
953445448
953445448
953445448
953445448
953445448
953445448
953445448
953445448
953445448
953445448
953445448
953445448
953445448
953445448
953445448
954426592
954426592
954426592
954426592
954426592
954426592
954426592
954426592
954426592
954426592
954426592
954426592
954426592
954426592
954426592
954426592
954426592
954426592
954426592
954426592
954426592
955461592
955461592
955461592
955461592
955461592
955461592
955461592
955461592
955461592
955461592
955461592
955461592
955461592
955461592
955461592
955461592
955461592
955461592
955461592
955461592
955461592
955461592
955461592
955461592
955461592
955461592
955461592
955461592
955461592
955461592
955461592
955461592
955461592
955461592
955203360
955203360
955203360
955203360
955203360
955203360
955203360
955203360
955203360
955203360
955203360
955203360
955203360
955203360
955203360
955203360
955203360
955203360
955203360
955203360
955204736
955204736
955204736
955204736
955204736
955204736
955204736
955204736
955204736
955204736
955204736
955204736
955204736
955204736
955204736
955204736
955204736
955204736
955204736
955204736
955204736
955204736
955204736
955204736
955204736
955204736
955204736
955204736
955204736
955204736
955204736
955204736
955204736
955204736
955204736
955204736
955204736
955204736
955204736
955204736
955204736
955204736
955204736
953633944
953633944
953633944
953633944
953633944
953633944
953633944
953633944
953633944
953633944
953633944
953633944
953633944
953633944
953633944
953633944
953633944
953633944
953633944
953633944
953633944
953633944
953633944
953633944
953404712
953404712
953404712
953404712
953404712
953404712
953404712
953404712
953404712
953404712
953404712
953404712
953404712
953404712
953404712
953404712
953404712
953404712
953404712
953404712
954394136
954498400
954498400
954498400
954498400
954498400
954498400
954498400
954498400
954498400
954498400
954498400
954498400
954498400
954498400
954498400
954498400
954498400
954498400
954498400
954498400
954498400
954498400
954621296
954621296
954621296
954621296
954621296
954621296
954621296
954621296
954621296
954621296
954621296
954621296
954621296
954621296
954621296
954621296
954621296
954621296
954621296
954621296
954621296
954621296
954621296
954621296
954621296
954621296
954621296
954621296
954621296
953864552
953864552
953864552
953864552
953864552
953864552
953864552
953864552
953864552
953864552
953864552
953864552
953864552
953864552
953864552
953864552
953864552
953864552
953864552
953864552
953864552
955254448
955254448
955254448
955254448
955254448
955254448
955254448
955254448
955254448
955254448
955254448
955254448
955254448
955254448
955254448
955254448
955254448
955254448
955254448
955254448
955254448
955254448
955254448
955254448
955254448
955254448
955254448
955254448
955254448
955254448
955254448
955254448
955254448
955254448
954011624
954011624
954011624
954011624
954011624
954011624
954011624
954011624
954011624
954011624
954011624
954011624
954011624
954011624
954011624
954011624
954011624
954011624
954011624
954011624
954011624
953343952
953343952
953343952
953343952
953343952
953343952
953343952
953343952
953343952
953343952
953343952
953343952
953343952
953343952
953343952
953343952
953343952
953343952
953343952
953343952
953343952
953343952
953343952
953343952
953343952
953343952
953343952
953343952
953343952
953343952
953343952
953343952
953343952
953343952
953343952
953343952
954124168
954694488
954694488
954694488
954694488
954694488
954694488
954694488
954694488
954694488
954694488
954694488
954694488
954694488
954694488
954694488
954694488
954694488
954694488
954694488
954694488
954694488
954694488
954694488
954694488
954694488
954620608
954620608
954620608
954620608
954620608
954620608
954620608
954620608
954620608
954620608
954620608
954620608
954620608
954620608
954620608
954620608
954620608
954620608
954620608
954620608
954620608
954620608
954620608
954366520
954366520
954366520
954366520
954366520
954366520
954366520
954366520
954366520
954366520
954366520
954366520
954366520
954366520
954366520
954366520
954366520
954366520
954931320
954945128
954945128
954945128
954945128
954945128
954945128
954945128
954945128
954945128
954945128
954945128
954945128
954945128
954945128
954945128
954945128
954945128
954945128
954945128
954945128
954945128
954945128
955119808
955119808
955119808
955119808
955119808
955119808
955119808
955119808
955119808
955119808
955119808
955119808
955119808
955119808
955119808
955119808
955119808
955119808
955119808
955119808
955119808
955119808
955119808
955119808
955517520
955517520
955517520
955517520
955517520
955517520
955517520
955517520
955517520
955517520
955517520
955517520
955517520
955517520
955517520
955517520
955517520
955517520
955517520
955517520
955517520
955517520
955517520
955517520
955517520
955517520
955001056
955001056
955001056
955001056
955001056
955001056
