2368968
13347280
171205816
1015948664
959841872
959841872
959841872
918237496
918237496
918237496
918237496
918237496
918237496
918237496
918237496
918237496
918237496
918237496
1015948664
1019731008
957551616
957551616
957551616
957551616
957551616
957551616
957551616
957551616
957551616
957551616
957551616
957551616
1019731008
1019731008
1019731008
1019731008
1019731008
1019731008
1019731008
1019731008
1019731008
1019731008
1019731008
1019731008
1019731008
1019731008
1019731008
1019731008
1019731008
977036400
958088104
958088104
958088104
958088104
958088104
958088104
958088104
958088104
958088104
958088104
958088104
958088104
958088104
958088104
958088104
958088104
1013524456
1014634720
957392120
956547680
956547680
956547680
956547680
956547680
956547680
956547680
956547680
956547680
956547680
956547680
956547680
956547680
956547680
958636328
1014888120
1014888120
1014888120
1014888120
961808992
961808992
961808992
961808992
961808992
961808992
961808992
961808992
961808992
961808992
961808992
961808992
1009446600
1014935760
1014935760
1014935760
1014935760
1014935760
1014935760
1014935760
1014935760
1014935760
1014935760
1014935760
1014935760
1014935760
1014935760
1014935760
975655480
975655480
975655480
975655480
962632712
962632712
962632712
962632712
962632712
962632712
962632712
962632712
962632712
962632712
962632712
962816368
962816368
962816368
962816368
962816368
962816368
962816368
962816368
962816368
962816368
962816368
962816368
962816368
962816368
962816368
962816368
1002885848
1014199728
958639088
958639088
958639088
958639088
958639088
958639088
958639088
958639088
958639088
958639088
958639088
958639088
958639088
958639088
1001999296
1014056112
1014056112
1014056112
1014056112
1014056112
957251264
957251264
957251264
957251264
957251264
957251264
957251264
957251264
957251264
957251264
957251264
976431560
976431560
976431560
976431560
976431560
976431560
976431560
976431560
976431560
976431560
976431560
976431560
976431560
1013435392
1013435392
1013435392
1013435392
961671592
961671592
961671592
961671592
961671592
961671592
961671592
961671592
961671592
961671592
961671592
961671592
961733728
961733728
961733728
961733728
961733728
961733728
961733728
961733728
961733728
961733728
961733728
961733728
961733728
961733728
961733728
1014092016
1014092016
963480592
963480592
963480592
963480592
963480592
963480592
963480592
963480592
963480592
963480592
963480592
963480592
963480592
963480592
963480592
999859560
1013697768
1013697768
1013697768
1013697768
1013697768
1013697768
1013697768
1013697768
1013697768
1013697768
1013697768
1013697768
1013697768
1013697768
1013697768
1013697768
1013697768
1013697768
1013697768
1013697768
957218120
957218120
957218120
957218120
957218120
957218120
957218120
957218120
957218120
957218120
957218120
957218120
957218120
957218120
957218120
973929328
1014199728
1014199728
1014199728
1014199728
960978368
960978368
960978368
960978368
960978368
960978368
960978368
960978368
960978368
960978368
960978368
960978368
960978368
960978368
960978368
960978368
960978368
960978368
960978368
960978368
960978368
960978368
960978368
982532464
1014435176
1014435176
956962648
956962648
956962648
956962648
956962648
956962648
956962648
956962648
956962648
956962648
956962648
958311120
1013982928
1013982928
957417664
956497968
956497968
956497968
956497968
956497968
956497968
956497968
956497968
956497968
956497968
962475288
1014181776
1014181776
1014181776
1014181776
958795128
958795128
958795128
958795128
958795128
958795128
958795128
958795128
958795128
958795128
958795128
958795128
958795128
958795128
1015468792
1015468792
957227784
958788224
958788224
958788224
958788224
958788224
958788224
958788224
958788224
958788224
958788224
958788224
958788224
958788224
958788224
958788224
958788224
1015287208
1015287208
957506040
957506040
957506040
957506040
957506040
957506040
957506040
957506040
957506040
957506040
957506040
957506040
991812936
1014253584
1014253584
956474496
956474496
956474496
956474496
956474496
956474496
956474496
956474496
956474496
956474496
956474496
956474496
956474496
1010624528
1015232656
1015232656
957320312
957320312
957320312
957320312
957320312
957320312
957320312
957320312
957320312
958429880
958429880
958429880
958429880
958429880
958429880
958429880
958429880
958429880
958429880
958429880
958429880
958429880
958429880
958429880
958429880
1015632432
1015632432
957094528
957094528
957094528
957094528
957094528
957094528
957094528
957094528
957094528
957094528
957094528
957094528
958533448
958533448
958533448
958533448
958533448
958533448
958533448
958533448
958533448
958533448
958533448
958533448
958533448
958533448
1014525624
1014525624
1014525624
1014525624
958664632
958664632
958664632
958664632
958664632
958664632
958664632
958664632
958664632
958664632
958664632
958664632
958664632
1008522768
1014584320
957359664
957359664
957359664
957359664
957359664
957359664
957359664
957359664
957359664
957359664
957359664
957359664
957359664
957359664
957359664
1015740840
1015740840
1015740840
1015740840
1015740840
959698944
1015740840
1015740840
1015740840
1015740840
1015740840
1015740840
1015740840
1015740840
1015740840
1015740840
1015740840
1015740840
1015740840
1015740840
1015740840
1015740840
975247416
975247416
975247416
962590592
962590592
962590592
962590592
962590592
962590592
962590592
962590592
962590592
962590592
962590592
962590592
962590592
962590592
962590592
962590592
962590592
962590592
962590592
962590592
962590592
962590592
962590592
1008392272
1014127232
963387384
963387384
963387384
963387384
963387384
963387384
963387384
963387384
963387384
963387384
963387384
963387384
963387384
1004625808
1014235632
1014235632
1014235632
1014235632
1014235632
1014235632
1014235632
1014235632
1014235632
1014235632
1014235632
1014235632
1014235632
1014235632
1014235632
1014235632
1014235632
1014235632
1014235632
1014235632
1014235632
955897272
955897272
955897272
955897272
955897272
955897272
955897272
955897272
955897272
955897272
955897272
955897272
955897272
999133888
1013915264
1013915264
1013915264
1013915264
961796560
961796560
961796560
961796560
56731344
56731344
