131578232
131578232
131578232
374233568
831345848
835008048
835123352
835123352
835123352
835123352
835123352
835123352
835123352
835123352
835123352
835123352
835123352
835123352
835123352
835123352
835123352
835123352
835123352
835123352
835123352
835123352
835123352
835123352
835123352
835123352
835123352
835123352
834494344
834494344
834494344
834494344
834494344
834494344
834494344
834494344
834494344
834494344
834494344
834494344
834494344
834494344
834494344
834494344
834494344
834494344
834494344
834494344
834494344
835811744
835811744
835811744
835811744
835811744
835811744
835811744
835811744
835811744
835811744
835811744
835811744
835811744
835811744
835811744
835811744
835811744
835811744
835811744
835811744
835811744
835811744
835811744
835811744
835811744
835811744
834410104
834410104
834410104
834410104
834410104
834410104
834410104
834410104
834410104
834410104
834410104
834410104
834410104
834410104
834410104
834410104
834410104
834410104
834410104
834410104
834815408
834815408
834815408
834815408
834815408
834815408
834815408
834815408
834815408
834815408
834815408
834815408
834815408
834815408
834815408
834815408
834815408
834815408
834815408
834815408
834815408
834815408
834815408
834815408
834815408
834815408
834815408
834815408
834815408
834815408
835261440
835261440
835261440
835261440
835261440
835261440
835261440
835261440
835261440
835261440
835261440
835261440
835261440
835261440
835261440
835261440
835261440
835261440
835261440
835261440
835261440
834762240
834762240
834762240
834762240
834762240
834762240
834762240
834762240
834762240
834762240
834762240
834762240
834762240
834762240
834762240
834762240
834762240
834762240
834762240
834762240
834762240
834762240
835783432
835783432
835783432
835783432
835783432
835783432
835783432
835783432
835783432
835783432
835783432
835783432
835783432
835783432
835783432
835783432
835783432
835783432
835783432
835783432
835783432
835783432
835783432
835783432
835783432
835783432
835783432
835783432
835783432
835783432
835783432
835947072
836121064
836121064
836121064
836121064
836121064
836121064
836121064
836121064
836121064
836121064
836121064
836121064
836121064
836121064
836121064
836121064
836121064
836121064
836121064
836121064
836121064
836121064
835893904
835893904
835893904
835893904
835893904
835893904
835893904
835893904
835893904
835893904
835893904
835893904
835893904
835893904
835893904
835893904
835893904
835893904
835893904
835893904
835893904
835893904
835893904
835893904
835893904
835893904
835893904
835893904
835893904
835893904
835893904
835893904
835893904
835893904
835893904
835893904
835893904
835893904
835893904
835893904
835893904
835893904
835893904
835893904
835893904
835893904
835893904
835893904
835893904
834539912
834539912
834539912
834539912
834539912
834539912
834539912
834539912
834539912
834539912
834539912
834539912
834539912
834539912
834539912
834539912
834539912
834539912
834539912
834539912
834539912
834539912
834539912
836029232
836029232
836029232
836029232
836029232
836029232
836029232
836029232
836029232
836029232
836029232
836029232
836029232
836029232
836029232
836029232
836029232
836029232
836029232
836029232
836029232
836029232
836029232
834838880
834838880
834838880
834838880
834838880
834838880
834838880
834838880
834838880
834838880
834838880
834838880
834838880
834838880
834838880
834838880
834838880
834838880
834838880
834838880
834838880
834838880
834838880
834838880
835676408
835676408
835676408
835676408
835676408
835676408
835676408
835676408
835676408
835676408
835676408
835676408
835676408
835676408
835676408
835676408
835676408
835676408
835676408
835676408
835676408
835676408
835676408
835676408
835676408
835676408
834566840
834566840
834566840
834566840
834566840
834566840
834566840
834566840
834566840
834566840
834566840
834566840
834566840
834566840
834566840
834566840
834566840
834566840
834566840
834566840
834566840
834566840
834566840
834566840
834566840
834566840
834566840
834566840
834566840
834566840
834566840
834566840
834566840
834566840
834566840
834566840
834566840
834566840
834566840
834566840
834566840
834359016
834359016
834359016
834359016
834359016
834359016
834359016
834359016
834359016
834359016
834359016
834359016
834359016
834359016
834359016
834359016
834359016
834359016
834359016
834359016
834359016
834359016
834359016
834359016
834359016
836039592
836039592
836039592
836039592
836039592
836039592
836039592
836039592
836039592
836039592
836039592
836039592
836039592
836039592
836039592
836039592
836039592
836039592
836039592
836039592
836039592
836039592
836039592
836039592
836039592
836039592
836039592
836039592
836039592
836039592
836039592
836039592
836039592
836039592
836039592
836039592
836039592
836039592
836039592
836039592
836039592
836039592
836039592
835581128
835581128
835581128
835581128
835581128
835581128
835581128
835581128
835581128
835581128
835581128
835581128
835581128
835581128
835581128
835581128
835581128
835581128
835581128
835581128
835581128
835581128
835581128
835581128
835581128
835581128
835581128
834771216
834771216
834771216
834771216
834771216
834771216
834771216
834771216
834771216
834771216
834771216
834771216
834771216
834771216
834771216
834771216
834771216
834771216
834771216
834771216
834771216
835668816
835896664
835916000
835916000
835916000
835916000
835916000
835916000
835916000
835916000
835916000
835916000
835916000
835916000
835916000
835916000
835916000
835916000
835916000
835916000
835916000
835916000
835916000
835916000
835916000
835916000
835916000
835916000
835916000
835916000
835916000
835916000
835916000
835916000
835916000
835916000
835916000
835916000
835916000
835916000
835916000
835916000
835916000
835916000
835916000
835916000
835916000
835916000
835853168
835853168
835853168
835853168
835853168
835853168
835853168
835853168
835853168
835853168
835853168
835853168
835853168
835853168
835853168
835853168
835853168
835853168
835853168
835853168
835853168
835853168
835853168
835853168
835853168
835853168
835853168
835853168
835853168
835853168
835853168
835853168
835853168
835853168
835853168
835853168
835853168
835853168
835853168
835853168
835853168
835853168
835945688
835945688
835945688
835945688
835945688
835945688
835945688
835945688
835945688
835945688
835945688
835945688
835945688
835945688
835945688
835945688
835945688
835945688
835945688
835945688
835945688
835945688
835945688
835945688
835945688
835945688
835945688
836039592
836039592
836039592
836039592
836039592
836039592
836039592
836039592
836039592
836039592
836039592
836039592
836039592
836039592
836039592
836039592
836039592
836039592
836039592
836039592
836039592
836039592
836039592
836039592
836039592
836039592
836039592
836039592
836039592
836039592
836039592
836039592
836039592
836039592
836039592
836039592
836039592
836039592
836039592
836090000
836090000
836090000
836090000
836090000
836090000
836090000
836090000
836090000
836090000
836090000
836090000
836090000
836090000
836090000
836090000
836090000
836090000
836090000
836090000
836090000
836090000
836090000
836090000
836121064
836121064
836227400
836227400
836227400
836227400
836227400
836227400
836227400
836227400
836227400
836227400
836227400
836227400
836227400
836227400
836227400
836227400
836227400
836227400
836227400
836227400
836227400
836227400
836227400
836227400
836227400
836227400
836227400
836227400
836227400
836227400
836227400
836227400
836227400
835003904
835003904
835003904
835003904
835003904
835003904
835003904
835003904
835003904
835003904
835003904
835003904
835003904
835003904
835003904
835003904
835003904
835003904
835003904
835003904
835003904
835003904
835003904
835003904
835003904
835704720
835704720
835704720
835704720
835704720
835704720
835704720
835704720
835704720
835704720
835704720
835704720
835704720
835704720
835704720
835704720
835704720
835704720
835704720
835704720
835704720
835704720
835704720
835704720
835704720
835704720
835704720
835704720
835704720
835704720
835704720
835704720
835704720
835704720
835704720
835704720
835704720
835704720
835704720
835704720
835704720
835704720
835791024
835791024
835791024
835791024
835791024
835791024
835791024
835791024
835791024
835791024
835791024
835791024
835791024
835791024
835791024
835791024
835791024
835791024
835791024
835791024
835791024
835791024
835791024
835791024
835791024
835791024
835002520
835002520
835002520
835002520
835002520
835002520
835002520
835002520
835002520
835002520
835002520
835002520
835002520
835002520
835002520
835002520
835002520
835002520
835002520
835002520
835002520
835002520
835002520
835002520
835002520
835002520
835002520
835404368
835404368
835404368
835404368
835404368
835404368
835404368
835404368
835404368
835404368
835404368
835404368
835404368
835404368
835404368
835404368
835404368
835404368
835404368
835404368
835404368
835404368
835404368
835404368
835404368
835404368
835404368
835404368
834892048
834892048
834892048
834892048
834892048
834892048
834892048
834892048
834892048
834892048
834892048
834892048
834892048
834892048
834892048
834892048
834892048
834892048
835065352
836100352
836100352
836100352
836100352
836100352
836100352
836100352
836100352
836100352
836100352
836100352
836100352
836100352
836100352
836100352
836100352
836100352
836100352
836100352
836100352
836100352
836100352
836100352
836100352
836100352
834733240
834733240
834733240
834733240
834733240
834733240
834733240
834733240
834733240
834733240
834733240
834733240
834733240
834733240
834733240
834733240
834733240
834733240
834733240
834733240
834733240
834733240
834733240
834733240
834733240
834733240
834733240
835768936
836121064
836121064
836121064
836121064
836121064
836121064
836121064
836121064
836121064
836121064
836121064
836121064
836121064
836121064
836121064
836121064
836121064
836121064
836121064
836121064
836121064
836121064
836121064
836101736
836101736
836101736
836101736
836101736
836101736
836101736
836101736
836101736
836101736
836101736
836101736
836101736
836101736
