197446760
522964224
740786464
740996368
743131960
743131960
743131960
743131960
743131960
743131960
743131960
743131960
743131960
743131960
743131960
743131960
743131960
743131960
743131960
743131960
743131960
743131960
743131960
743131960
743131960
743131960
743131960
743131960
743131960
743131960
743131960
743219648
743219648
743219648
743219648
743219648
743219648
743219648
743219648
743219648
743219648
743219648
743219648
743219648
743219648
743219648
743219648
743219648
743219648
743219648
743219648
743219648
743219648
742215720
742215720
742215720
742215720
742215720
742215720
742215720
742215720
742215720
742215720
742215720
742215720
742215720
742215720
742215720
742215720
742215720
742215720
742215720
742215720
742215720
742215720
742215720
742215720
742215720
743293528
743293528
743293528
743293528
743293528
743293528
743293528
743293528
743293528
743293528
743293528
743293528
743293528
743293528
743293528
743293528
743293528
743293528
743293528
743293528
743293528
743293528
743293528
743293528
743293528
743293528
743293528
743293528
742733560
742733560
742733560
742733560
742733560
742733560
742733560
742733560
742733560
742733560
742733560
742733560
742733560
742733560
742733560
742733560
742733560
742733560
742733560
742733560
742733560
743212744
743212744
743212744
743212744
743212744
743212744
743212744
743212744
743212744
743212744
743212744
743212744
743212744
743212744
743212744
743212744
743212744
743212744
743212744
743212744
743212744
743212744
743212744
743212744
743212744
743562112
743562112
743562112
743562112
743562112
743562112
743562112
743562112
743562112
743562112
743562112
743562112
743562112
743562112
743562112
743562112
743562112
743562112
743562112
743562112
743562112
743562112
743562112
743562112
743562112
743562112
743562112
743562112
743562112
742648632
742648632
742648632
742648632
742648632
742648632
742648632
742648632
742648632
742648632
742648632
742648632
742648632
742648632
742648632
742648632
742648632
742648632
742648632
742648632
742648632
742648632
742648632
743594568
743594568
743594568
743594568
743594568
743594568
743594568
743594568
743594568
743594568
743594568
743594568
743594568
743594568
743594568
743594568
743594568
743594568
743594568
743594568
743594568
743594568
743594568
743594568
743594568
743594568
743594568
743594568
743594568
743594568
743594568
743594568
743594568
743594568
743594568
743594568
742286144
742286144
742286144
742286144
742286144
742286144
742286144
742286144
742286144
742286144
742286144
742286144
742286144
742286144
742286144
742286144
742286144
742286144
742286144
742286144
742286144
742286144
742286144
742286144
742286144
742286144
742286144
742286144
742286144
742286144
742286144
742286144
742286144
742286144
742286144
742286144
742286144
742286144
742286144
742286144
742286144
742286144
742286144
742848872
742848872
742848872
742848872
742848872
742848872
742848872
742848872
742848872
742848872
742848872
742848872
742848872
742848872
742848872
742848872
742848872
742848872
742848872
742848872
742848872
742848872
742848872
742848872
742848872
742683160
742683160
742683160
742683160
742683160
742683160
742683160
742683160
742683160
742683160
742683160
742683160
742683160
742683160
742683160
742683160
742683160
742683160
742683160
742683160
742683160
742683160
742683160
742683160
742501568
742501568
742501568
742501568
742501568
742501568
742501568
742501568
742501568
742501568
742501568
742501568
742501568
742501568
742501568
742501568
742501568
742501568
742501568
742501568
742501568
742501568
742501568
742501568
742501568
742501568
742501568
742501568
742501568
742501568
742501568
743400544
743400544
743400544
743400544
743400544
743400544
743400544
743400544
743400544
743400544
743400544
743400544
743400544
743400544
743400544
743400544
743400544
743400544
743400544
743400544
743400544
743400544
743400544
743400544
743400544
743400544
743581448
743581448
743581448
743581448
743581448
743581448
743581448
743581448
743581448
743581448
743581448
743581448
743581448
743581448
743581448
743581448
743581448
743581448
743581448
743581448
743581448
743581448
743581448
743581448
743581448
743581448
743581448
743581448
743581448
743581448
743581448
743581448
743581448
743581448
743581448
743581448
743581448
743581448
743581448
743581448
743581448
743237600
743237600
743237600
743237600
743237600
743237600
743237600
743237600
743237600
743237600
743237600
743237600
743237600
743237600
743237600
743237600
743237600
743237600
743237600
743237600
743237600
743237600
743237600
743237600
743237600
743237600
743237600
742935864
742935864
742935864
742935864
742935864
742935864
742935864
742935864
742935864
742935864
742935864
742935864
742935864
742935864
742935864
742935864
742935864
742935864
742935864
742935864
742935864
742935864
742935864
742935864
742935864
742935864
742935864
742854392
742854392
742854392
742854392
742854392
742854392
742854392
742854392
742854392
742854392
742854392
742854392
742854392
742854392
742854392
742854392
742854392
742854392
742854392
742854392
742854392
742854392
742854392
742854392
742854392
742854392
742854392
742854392
742854392
742854392
742854392
742854392
742854392
742854392
742854392
742854392
742854392
742854392
742854392
742854392
742854392
742854392
742854392
742854392
743334264
743334264
743334264
743334264
743334264
743334264
743334264
743334264
743334264
743334264
743334264
743334264
743334264
743334264
743334264
743334264
743334264
743334264
743334264
743334264
743334264
743334264
743334264
743334264
743334264
743334264
743334264
743656016
743656016
743656016
743656016
743656016
743656016
743656016
743656016
743656016
743656016
743656016
743656016
743656016
743656016
743656016
743656016
743656016
743656016
743656016
743656016
743656016
743656016
743656016
743656016
742709400
742709400
742709400
742709400
742709400
742709400
742709400
742709400
742709400
742709400
742709400
742709400
742709400
742709400
742709400
742709400
742709400
742709400
742709400
742709400
742709400
742709400
742709400
742709400
742709400
742709400
742709400
742709400
742709400
742822632
742822632
742822632
742822632
742822632
742822632
742822632
742822632
742822632
742822632
742822632
742822632
742822632
742822632
742822632
742822632
742822632
742822632
742822632
742822632
742822632
742822632
742822632
742822632
742822632
742822632
742883392
743122288
743122288
743122288
743122288
743122288
743122288
743122288
743122288
743122288
743122288
743122288
743122288
743122288
743122288
743122288
743122288
743122288
743122288
743122288
743122288
743122288
743122288
743122288
743122288
743454400
743454400
743454400
743454400
743454400
743454400
743454400
743454400
743454400
743454400
743454400
743454400
743454400
743454400
743454400
743454400
743454400
743454400
743454400
743454400
743454400
743454400
743454400
743454400
743454400
743454400
743454400
743454400
743454400
743454400
743454400
743454400
743454400
743454400
743454400
743454400
743454400
743454400
743454400
743454400
743454400
743454400
743454400
743454400
743454400
743631160
743631160
743631160
743631160
743631160
743631160
743631160
743631160
743631160
743631160
743631160
743631160
743631160
743631160
743631160
743631160
743631160
743631160
743631160
743631160
743631160
743631160
743631160
742687992
742687992
742687992
742687992
742687992
742687992
742687992
742687992
742687992
742687992
742687992
742687992
742687992
742687992
742687992
742687992
742687992
742687992
742687992
742687992
742687992
742687992
742687992
742687992
742687992
742687992
742687992
742687992
742687992
742687992
742687992
742687992
742687992
742687992
742687992
742687992
742687992
742687992
742687992
742687992
742687992
742687992
743245880
743245880
743245880
743245880
743245880
743245880
743245880
743245880
743245880
743245880
743245880
743245880
743245880
743245880
743245880
743245880
743245880
743245880
743245880
743245880
743245880
743245880
743245880
743245880
743611136
743611136
743611136
743611136
743611136
743611136
743611136
743611136
743611136
743611136
743611136
743611136
743611136
743611136
743611136
743611136
743611136
743611136
743611136
743611136
743611136
743611136
743611136
743611136
743611136
743222408
743222408
743222408
743222408
743222408
743222408
743222408
743222408
743222408
743222408
743222408
743222408
743222408
743222408
743222408
743222408
743222408
743222408
743222408
743222408
743222408
742081768
742081768
742081768
742081768
742081768
742081768
742081768
742081768
742081768
742081768
742081768
742081768
742081768
742081768
742081768
742081768
742081768
742081768
742081768
742258528
742904800
742904800
742904800
742904800
742904800
742904800
742904800
742904800
742904800
742904800
742904800
742904800
742904800
742904800
742904800
742904800
742904800
742904800
742904800
742904800
743006984
743006984
743006984
743006984
743006984
743006984
743006984
743006984
743006984
743006984
743006984
743006984
743006984
743006984
743006984
743006984
743006984
743006984
743006984
743006984
743006984
743006984
743006984
743006984
743006984
743006984
743006984
743006984
743006984
743006984
743006984
743006984
743006984
743006984
743006984
743310096
743310096
743310096
743310096
743310096
743310096
743310096
743310096
743310096
743310096
743310096
743310096
743310096
743310096
743310096
743310096
743310096
743310096
743310096
743310096
743310096
743310096
743310096
743310096
743128504
743128504
743128504
743128504
743128504
743128504
743128504
743128504
743128504
743128504
743128504
743128504
743128504
743128504
743128504
743128504
743128504
743128504
743128504
743128504
743128504
743128504
743128504
743128504
743128504
741871176
741871176
741871176
741871176
741871176
741871176
741871176
741871176
741871176
741871176
741871176
741871176
741871176
741871176
741871176
741871176
741871176
741871176
741871176
741871176
741871176
741871176
741871176
741871176
741871176
741871176
741871176
741871176
741871176
741871176
741871176
741871176
741871176
741871176
741871176
741871176
741871176
