6419208
128252288
1031996344
955334544
955334544
955334544
955334544
955334544
955334544
955334544
955334544
955334544
955334544
955334544
955334544
1031996344
956817656
956212120
956212120
956212120
919137168
919137168
919137168
919137168
919137168
919137168
919137168
919137168
1031982536
1031982536
1031982536
962382072
961502424
961502424
965014800
965014800
965014800
965014800
965014800
965014800
965014800
965014800
965014800
965014800
965014800
965014800
965014800
965014800
1030877104
964612256
964612256
964612256
964612256
964612256
964612256
964612256
964612256
964612256
964612256
964612256
964612256
964612256
964612256
1030596088
1030596088
1030596088
1030596088
964648160
1030596088
1030596088
1030596088
1030596088
1030596088
1030596088
1030596088
1030596088
1030596088
1030596088
1030596088
1030596088
1030596088
985946096
956749296
956749296
956749296
956749296
956749296
956749296
956749296
956749296
956749296
956749296
956749296
1030994480
1030994480
1030994480
1030994480
1030994480
1030994480
1030994480
1030994480
1030994480
1030994480
1030994480
1030994480
1030994480
1030994480
1030994480
1030994480
1030994480
1030994480
956689920
960653848
960653848
960653848
960653848
960653848
960653848
960653848
960653848
960653848
960653848
960653848
960653848
960653848
985578080
1030058912
1030058912
1030058912
956623632
956623632
956623632
956623632
956623632
956623632
956623632
956623632
956623632
956623632
956623632
956623632
956623632
1029132312
1030498736
956330880
956330880
956330880
956330880
956330880
963646304
963646304
963646304
963646304
963646304
963646304
963646304
963646304
963646304
963646304
963646304
963646304
963646304
1030057528
1030057528
956487616
956487616
956487616
956487616
956487616
956487616
956487616
956487616
956487616
956487616
956487616
965317216
975763880
975763880
957845056
957845056
957845056
957845056
957845056
957845056
957845056
957845056
957845056
957845056
959779728
1030549136
964131008
964131008
964131008
964131008
964131008
964131008
964131008
964131008
964131008
964131008
964131008
964131008
964131008
964131008
964131008
964131008
964131008
964131008
964131008
964131008
964131008
964131008
964131008
980334728
1030129336
1030129336
1030129336
943156208
964385096
964385096
964385096
964385096
964385096
964385096
964385096
964385096
964385096
964385096
964385096
1031815440
963629736
963629736
963629736
963629736
963629736
963629736
963629736
963629736
963629736
963629736
963629736
963629736
963629736
963629736
963629736
963629736
963629736
963629736
1030081008
1030081008
1030081008
1030081008
964298096
964298096
964298096
964298096
964298096
964298096
964298096
964298096
964298096
964298096
964298096
964298096
964298096
964298096
964298096
964298096
964298096
964298096
964298096
964298096
964298096
964298096
964298096
964298096
964298096
1028375568
1030660992
964407192
964407192
964407192
964407192
964407192
964407192
964407192
964407192
964407192
964407192
964407192
964407192
964407192
1026984288
1030338544
1030338544
1030338544
962228096
963556544
963556544
963556544
963556544
963556544
963556544
963556544
963556544
963556544
963556544
963556544
1025534328
1030151432
966229320
966229320
966229320
966229320
966229320
966229320
966229320
966229320
966229320
966229320
966229320
966229320
1030900584
1030900584
1030900584
942379440
964313976
964313976
964313976
964313976
964313976
964313976
964313976
964313976
964313976
964313976
964313976
964313976
964313976
964313976
964313976
964313976
1029753728
963613856
963613856
963613856
963613856
963613856
963613856
963613856
963613856
963613856
963613856
963613856
963613856
1029075696
1029989864
1029989864
1029989864
964412712
964412712
964412712
964412712
964412712
964412712
964412712
964412712
964412712
964412712
964412712
964412712
964412712
964743448
1031651112
1031651112
1031651112
1031651112
1031651112
1031651112
1031651112
1031651112
1031651112
1031651112
1031651112
1031651112
1031651112
1031651112
1031651112
1031651112
964693736
964693736
964693736
964693736
964693736
964693736
964693736
964693736
964693736
964693736
964693736
964693736
964693736
964693736
1029851080
1029851080
1029851080
961768256
963183696
963183696
963183696
963183696
963183696
963183696
963183696
963183696
963183696
963183696
963183696
963183696
1030994480
964969224
964969224
964969224
964969224
964969224
964969224
964969224
964969224
964969224
964969224
964969224
964969224
964969224
964969224
1030572616
1030572616
1030572616
1030572616
964760016
964760016
964760016
964760016
964760016
964760016
964760016
964760016
964760016
964760016
964760016
1033651376
1033651376
964349880
964349880
964349880
964349880
964349880
964349880
964349880
964349880
964349880
964349880
964349880
964349880
964349880
964349880
964349880
964349880
964349880
964349880
974811048
1030544992
1030544992
1030544992
963980488
963980488
963980488
963980488
963980488
963980488
963980488
963980488
963980488
963980488
963980488
963980488
963980488
963980488
1030971008
964869800
964869800
964869800
964869800
964869800
964869800
964869800
964869800
964869800
964869800
964869800
964869800
964869800
1026286232
1030452472
1030452472
1030452472
1030452472
1030452472
962027176
962027176
962027176
962027176
962027176
962027176
962027176
962027176
962027176
962027176
962027176
962027176
962027176
1030452472
1032416832
1032416832
1032416832
964331240
964331240
964331240
964331240
964331240
964331240
964331240
964331240
964331240
964331240
964331240
964331240
964331240
964635040
1030197696
966154744
966154744
966154744
966154744
966154744
966154744
966154744
966154744
966154744
966154744
966154744
966154744
966154744
1018377016
1030647872
1030647872
1030647872
1030647872
1030647872
956876344
956876344
956876344
956876344
956876344
956876344
956876344
956876344
956876344
956876344
956876344
956876344
1030647872
1033901320
1033901320
1033901320
958021128
958021128
958021128
958021128
958021128
958021128
958021128
958021128
958021128
958021128
958021128
964000512
1031170552
957274736
956268736
956268736
956268736
956268736
956268736
956268736
956268736
956268736
956268736
964577048
1029758560
1029758560
