42155352
2067226112
3144166584
1643434760
1155539696
942242040
945533464
945533464
945533464
945533464
945533464
945533464
945533464
945533464
3144166584
1554427536
1092956384
944934144
944934144
944934144
944934144
944934144
944934144
944934144
944934144
1771247224
2018682616
700430448
700430448
700430448
700430448
700430448
700430448
700430448
700430448
700430448
700430448
700430448
1404929776
1747685272
1228841024
941994856
941994856
941994856
941994856
941994856
1747685272
1747685272
947498512
947498512
947498512
947498512
947498512
947498512
947498512
947498512
947498512
2100696168
1573850176
1106612992
778087200
778087200
778087200
778087200
778087200
778087200
778087200
778087200
778087200
2378592592
1684838896
1184652256
1184652256
1184652256
1184652256
1184652256
1184652256
1184652256
1184652256
1184652256
1184652256
1184652256
1184652256
1184652256
1253962032
1030890912
1030890912
1030890912
1030890912
938955448
938955448
1030890912
1030890912
1030890912
1030890912
1030890912
1030890912
1030890912
1030890912
1030890912
1030890912
1030890912
1101530520
1826738136
1284425144
1284425144
1284425144
1284425144
1284425144
1284425144
1284425144
1284425144
1284425144
1284425144
1284425144
1284425144
1284425144
1284425144
1284425144
1220796472
945890432
945890432
945890432
945890432
945890432
945890432
945890432
945890432
945890432
945890432
1207440208
1636355472
808988744
808988744
808988744
808988744
808988744
808988744
808988744
808988744
808988744
808988744
1636355472
1599883288
1644903368
894279224
894279224
894279224
894279224
894279224
894279224
894279224
894279224
894279224
894279224
894279224
1648253480
1673906144
662903240
662903240
662903240
662903240
662903240
1673906144
1673906144
1673906144
945512752
945512752
945512752
945512752
945512752
945512752
945512752
945512752
1673740440
827471672
827471672
827471672
827471672
827471672
827471672
827471672
827471672
827471672
827471672
1673740440
1661898352
1682529304
925338192
925338192
925338192
925338192
925338192
925338192
925338192
925338192
925338192
925338192
1682529304
1689369696
1187838040
835198616
835198616
835198616
835198616
835198616
835198616
835198616
835198616
835198616
835198616
1643645344
1678203568
926796440
926796440
926796440
926796440
926796440
1691730376
1691730376
1691730376
1691730376
1102020744
1102020744
1102020744
1102020744
1102020744
1102020744
1102020744
1102020744
1102020744
1432251976
708082816
708082816
708082816
708082816
708082816
708082816
708082816
708082816
708082816
708082816
1024629128
1481271896
1481271896
1481271896
1041519168
1041519168
1041519168
1041519168
1041519168
1041519168
1041519168
1041519168
1041519168
1041519168
1481271896
1041519168
1041519168
1041519168
1041519168
1041519168
1041519168
1041519168
1041519168
1481271896
1481271896
1481271896
1481271896
1481271896
1481271896
1481271896
1481271896
1481271896
1481271896
1481271896
1481271896
1481271896
1206916840
1412738880
1412738880
1412738880
1412738880
1412738880
1412738880
1412738880
1412738880
1412738880
1412738880
1412738880
1412738880
1412738880
1412738880
1212539944
1418589152
942274488
942274488
942274488
942274488
942274488
942274488
942274488
942274488
942274488
942274488
1418589152
1461802984
1469825440
940984024
940984024
940984024
940984024
940984024
940984024
940984024
940984024
940984024
940984024
1421665152
1452433440
1021241736
943835624
943835624
1452433440
1452433440
1452433440
1452433440
1452433440
1452433440
1452433440
1452433440
1452433440
1452433440
1452433440
1452433440
1452433440
669243736
669243736
669243736
669243736
669243736
669243736
669243736
669243736
669243736
669243736
669243736
1179656784
1442581264
1577530328
794134184
794134184
794134184
794134184
794134184
794134184
794134184
794134184
794134184
794134184
794134184
2000248712
2042284616
1009673760
1009673760
1009673760
1009673760
1009673760
1009673760
1009673760
940856288
940856288
940856288
940856288
1991643504
1400374120
1400374120
1400374120
1400374120
1400374120
1991643504
1991643504
984637680
984637680
984637680
984637680
984637680
984637680
984637680
984637680
984637680
1701086800
840990880
840990880
840990880
840990880
840990880
840990880
840990880
840990880
840990880
840990880
840990880
1570663704
1641100312
811334232
811334232
811334232
811334232
811334232
811334232
811334232
811334232
811334232
811334232
811334232
1673327544
1704000544
663494968
663494968
663494968
663494968
663494968
663494968
663494968
1704000544
1704000544
1704000544
1198125208
942802696
942802696
942802696
942802696
942802696
942802696
942802696
1704000544
1674650464
827921160
827921160
827921160
827921160
827921160
827921160
827921160
827921160
827921160
827921160
1674650464
1659115112
1686995888
933346152
933346152
933346152
933346152
933346152
933346152
933346152
933346152
933346152
933346152
1686995888
1780081664
946320584
946320584
946320584
946320584
946320584
946320584
946320584
946320584
946320584
1780081664
1780081664
1780081664
943369560
943369560
943369560
943369560
943369560
943369560
943369560
943369560
1749952744
1757304072
868783976
868783976
868783976
868783976
868783976
868783976
868783976
868783976
868783976
868783976
1757304072
1739004112
1231165112
943024328
943024328
943024328
943024328
943024328
943024328
943024328
943024328
943024328
943024328
1715242616
1742898312
861661880
861661880
861661880
861661880
861661880
861661880
861661880
861661880
1742898312
1742898312
1742898312
1225475032
950595920
950595920
950595920
950595920
950595920
950595920
950595920
1742898312
1678513584
829830976
829830976
829830976
829830976
829830976
829830976
829830976
829830976
829830976
829830976
1660859904
1699254320
1202301800
662068480
662068480
662068480
662068480
662068480
662068480
662068480
662068480
662068480
662068480
1687818232
1734569984
943537344
663424544
663424544
663424544
663424544
663424544
663424544
663424544
663424544
1734569984
1734569984
1734569984
951066808
951066808
951066808
951066808
951066808
951066808
951066808
1734569984
1693467576
942511320
942511320
942511320
942511320
942511320
942511320
942511320
942511320
942511320
942511320
1693467576
1683478000
1185605784
943384056
943384056
943384056
943384056
943384056
943384056
943384056
943384056
943384056
943384056
1661898352
1687113272
944929312
944929312
944929312
944929312
944929312
944929312
944929312
944929312
944929312
1687113272
1687113272
1687113272
1186251368
1186251368
939777784
939777784
939777784
939777784
939777784
939777784
1687113272
1630512792
806099856
806099856
806099856
806099856
806099856
806099856
806099856
806099856
806099856
806099856
1630512792
1597832624
1660257128
892602096
892602096
892602096
892602096
892602096
892602096
892602096
892602096
892602096
892602096
1660257128
1662391344
1681410072
661591368
661591368
661591368
661591368
661591368
661591368
661591368
661591368
661591368
661591368
1681410072
1678716584
1701039160
662355016
662355016
662355016
662355016
1701039160
1701039160
1701039160
1196042784
840967408
840967408
840967408
840967408
840967408
840967408
840967408
1701039160
1688880160
1713006216
946267424
946267424
946267424
946267424
946267424
946267424
946267424
946267424
946267424
946267424
1713006216
1712856384
941694504
941694504
941694504
941694504
941694504
941694504
941694504
941694504
941694504
941694504
1712856384
1687674616
1189370864
942331104
942331104
942331104
942331104
942331104
942331104
942331104
942331104
1691550168
1691550168
1691550168
1189370864
1189370864
1189370864
1189370864
1189370864
1189370864
1189370864
1189370864
1189370864
1189370864
1189370864
1412557984
664697056
664697056
664697056
664697056
664697056
664697056
664697056
664697056
664697056
664697056
1123944240
1594364440
1610242264
954666872
954666872
954666872
954666872
954666872
954666872
954666872
954666872
954666872
954666872
1610242264
1605239192
1128981832
943464152
943464152
943464152
943464152
943464152
943464152
943464152
943464152
943464152
943464152
1567025672
1608538896
941686912
941686912
941686912
941686912
941686912
1608538896
1608538896
1608538896
1608538896
1608538896
1608538896
1608538896
1608538896
1608538896
1608538896
1608538896
1608538896
1608538896
1608538896
943618816
754124088
754124088
754124088
754124088
754124088
754124088
754124088
754124088
754124088
754124088
1300077872
1557998592
1593578696
919707488
919707488
919707488
919707488
919707488
919707488
919707488
919707488
919707488
919707488
919707488
1599256352
1605980744
662594608
662594608
662594608
662594608
662594608
662594608
662594608
662594608
662594608
662594608
1605980744
1589748024
1651509000
822463768
822463768
822463768
822463768
1651509000
1651509000
1651509000
1071672256
1071672256
1071672256
1071672256
1071672256
1071672256
1071672256
1071672256
1071672256
1430880728
707404784
707404784
707404784
707404784
707404784
707404784
707404784
707404784
707404784
707404784
707404784
1402318456
1653222720
1662304344
947592416
947592416
947592416
947592416
947592416
947592416
947592416
947592416
947592416
947592416
1618722496
1642742912
945315280
945315280
945315280
945315280
945315280
945315280
945315280
945315280
1642742912
1642742912
1642742912
1642742912
1642742912
1642742912
1642742912
1642742912
1642742912
1642742912
1642742912
1642742912
1642742912
1642742912
1397989960
663162856
663162856
663162856
663162856
663162856
663162856
663162856
663162856
663162856
663162856
943165872
1533928456
1576852992
1122088968
949552632
949552632
949552632
949552632
949552632
949552632
949552632
949552632
949552632
949552632
1579173624
1606707800
942751600
942751600
942751600
942751600
942751600
942751600
942751600
942751600
942751600
942751600
1551656024
1589781856
1117815024
947850648
947850648
947850648
947850648
1589781856
1589781856
1589781856
1589781856
1589781856
1589781856
1589781856
1589781856
1589781856
1589781856
1589781856
1589781856
1589781856
1589781856
943712720
833487648
833487648
833487648
833487648
833487648
833487648
833487648
833487648
833487648
833487648
1372257896
1531872960
1596493128
823603024
823603024
823603024
823603024
823603024
823603024
823603024
823603024
823603024
823603024
1605428376
1634074880
1170062144
927616024
927616024
927616024
927616024
927616024
927616024
927616024
927616024
927616024
927616024
1664869400
1686873680
943946784
943946784
943946784
943946784
943946784
927616024
927616024
927616024
927616024
927616024
1664869400
1686873680
