957485328
958930464
958930464
924073272
962213600
962213600
962213600
1256338600
979306632
979306632
979306632
960782968
960782968
960782968
960782968
952593416
952593416
952593416
961563880
952593416
952593416
952593416
952593416
952657632
952657632
952657632
952657632
962890248
962890248
962890248
1167423896
953174096
953174096
953174096
1189684336
953432328
953432328
953432328
1156054776
953625656
953625656
953625656
1159296488
953047048
953047048
953047048
1147095368
955438808
955438808
955438808
1157952856
953044976
953044976
953044976
1158400272
953367424
953367424
953367424
1168447848
954596440
954596440
960608968
960608968
960608968
1146547144
953496536
953496536
953496536
1158848384
953819672
953819672
953819672
1162105280
952464304
952464304
952464304
1162331064
953819672
953819672
953819672
1158288416
953238304
953238304
953238304
1156835688
953238304
953238304
953238304
1155608744
954078600
954078600
954078600
1176589064
954078600
954078600
954078600
1159296488
952206760
952206760
952206760
1145780040
954920272
954920272
954920272
1164588864
953625656
953625656
953625656
960881008
960881008
960881008
1151059992
957779464
957779464
957779464
1161317464
954401736
954401736
954401736
928613736
928613736
928613736
928613736
1183908632
957720088
957720088
957720088
1172217760
953238304
953238304
953238304
1152942184
952464304
952464304
961154432
961154432
961154432
1169587800
954272616
954272616
954272616
1149846160
952206760
952206760
952206760
1153385456
953819672
953819672
953819672
1155052232
945839336
945839336
945839336
1148853968
953948792
953948792
953948792
1154607576
953174096
953174096
953174096
1154274080
953432328
953432328
953432328
1164928576
960917608
960917608
960917608
961354664
961354664
961354664
961354664
952206760
952206760
952206760
952206760
952270976
952270976
952270976
952270976
956997864
956997864
956997864
956997864
952464304
952464304
952464304
952464304
1156054776
953690560
953690560
953690560
1153829424
953625656
953625656
961358808
961358808
961358808
1162669384
953174096
953174096
953174096
1163797600
953884576
953884576
953884576
1153829424
952980072
952980072
952980072
1164815336
953303208
953303208
953303208
1149625216
952077648
952077648
952077648
1154496408
953819672
953819672
953819672
1163910832
953819672
953819672
953819672
1153052656
952593416
952593416
963306600
963306600
963306600
963306600
1151170464
953561440
953561440
953561440
1155942928
953238304
953238304
953238304
1148853968
953948792
953948792
953948792
1147754760
952980072
952980072
952980072
1154829904
953690560
953690560
953690560
1162556152
953690560
953690560
953690560
1157393584
953496536
953496536
953496536
1154051752
953625656
953625656
953625656
1159632744
953238304
953238304
953238304
953238304
960744992
960744992
960744992
1151059992
952657632
952657632
952657632
1163120256
953367424
953367424
953367424
1149184696
954725560
954725560
954725560
1149404960
953561440
953561440
953561440
1163120256
953432328
953432328
953432328
1136547896
953819672
953819672
962565048
962565048
962565048
1157282416
953755464
953755464
953755464
1160418488
953561440
953561440
953561440
1157952856
952722536
952722536
952722536
1158623984
953948792
953948792
953948792
1163346040
953174096
953174096
953174096
1153607784
953174096
953174096
953174096
1153163824
953432328
953432328
953432328
1166515248
953496536
953496536
953496536
1146656928
952786744
952786744
952786744
1157393584
952400088
952400088
952400088
1129534200
954337520
954337520
954337520
960749136
953496536
953496536
953496536
961017720
961017720
961017720
1152166104
952528512
952528512
952528512
1132994096
953044976
953044976
953044976
1145889824
950855528
950855528
950855528
1156723832
952657632
952657632
952657632
1150176888
953367424
953367424
953367424
1154607576
953044976
953044976
964011560
964011560
964011560
1165155048
953496536
953496536
953496536
1161430008
953367424
953367424
953367424
1154385248
952657632
952657632
952657632
1157729144
953948792
953948792
953948792
1168675704
954531536
954531536
954531536
1150397840
952786744
952786744
952786744
1154607576
952915864
952915864
952915864
1172103144
953174096
953174096
953174096
1147754760
953109192
953109192
953109192
1155163392
953129216
953129216
953129216
1165721224
954660656
954660656
954660656
1138166336
953432328
953432328
953432328
1066531784
953238304
953238304
953238304
960949368
960949368
960949368
1154941064
955958032
955958032
955958032
1144249288
953948792
953948792
953948792
1156165944
952593416
952593416
952593416
1155052232
952722536
952722536
952722536
1150949520
957453568
957453568
957453568
1151833992
953303208
953303208
953303208
1150176888
952464304
952464304
952464304
1155942928
952528512
961556280
961556280
961556280
1151392104
953303208
953303208
953303208
961392640
953690560
953690560
953690560
961836608
949701080
949701080
949701080
949701080
952850960
952850960
952850960
952850960
951884312
951884312
951884312
951884312
953496536
953496536
953496536
953496536
953044976
953044976
953044976
953044976
1155720600
952850960
952850960
952850960
1156277800
955179192
955179192
955179192
1164023384
947973552
947973552
947973552
1156500816
953303208
953303208
953303208
1157505432
951820104
951820104
951820104
1159969688
954466640
954466640
954466640
1154607576
953884576
953884576
953884576
1152831024
953044976
953044976
953044976
1156165944
1156165944
1156165944
1156165944
1156165944
1156165944
954596440
954596440
954596440
1213455496
953174096
953174096
953174096
1167651056
952270976
952270976
952270976
1148304360
953367424
953367424
953367424
1159072088
952141856
952141856
952141856
1157617288
952270976
952270976
952270976
1153829424
953303208
953303208
953303208
1106004696
953109192
953109192
953109192
959926104
954078600
954078600
954078600
954078600
951562560
951562560
951562560
951562560
954920272
954920272
954920272
954920272
1146766712
954466640
954466640
954466640
1174284312
953755464
953755464
953755464
1163346040
954078600
954078600
961568016
961568016
961568016
961568016
954855368
954855368
954855368
954855368
952528512
952528512
952528512
952528512
953496536
