4233208
220896856
1053781744
956884632
956884632
956884632
956884632
956884632
956884632
956884632
956884632
956884632
956884632
1053781744
956177600
956177600
956177600
956177600
956177600
956177600
956177600
956177600
956177600
956177600
1052916592
955670112
955670112
955670112
955670112
955670112
955670112
955670112
955670112
955670112
955670112
967025416
1057495728
955797840
955797840
955797840
955797840
955797840
955797840
955797840
955797840
955797840
955797840
990345024
957448040
1057825768
1057825768
1057825768
1057825768
1057825768
1057825768
1057825768
1057825768
1057825768
1057825768
1057825768
1057825768
1057825768
1057825768
1057825768
958987768
958987768
958987768
958987768
958987768
958987768
958987768
958987768
958987768
1014665792
1059895080
966078104
966078104
966078104
966078104
966078104
966078104
966078104
966078104
966078104
966078104
966078104
966078104
966078104
1060230640
966612520
966612520
966612520
966612520
966612520
966612520
966612520
966612520
966612520
966612520
1058453392
967675144
967675144
967675144
967675144
967675144
967675144
967675144
967675144
967675144
967675144
1058632224
965781208
965781208
965781208
965781208
965781208
965781208
965781208
965781208
965781208
965781208
965781208
965781208
965781208
965781208
965781208
965781208
965781208
965781208
965781208
1059512560
963697400
963697400
963697400
963697400
963697400
963697400
963697400
963697400
963697400
963697400
1058717840
968056968
968056968
968056968
968056968
968056968
968056968
968056968
968056968
968056968
968056968
1058684696
965894440
965894440
965894440
965894440
965894440
965894440
965894440
965894440
965894440
965894440
965894440
965894440
965894440
965894440
965894440
1058990576
968153632
968153632
968153632
968153632
968153632
968153632
968153632
968153632
968153632
968153632
1056292256
966207224
966207224
966207224
966207224
966207224
966207224
966207224
966207224
966207224
966207224
1038033728
957847824
957847824
957847824
957847824
957847824
957847824
957847824
957847824
957847824
957847824
957847824
1058552824
966504120
966504120
966504120
966504120
966504120
966504120
966504120
966504120
966504120
966504120
1058534872
966044960
966044960
966044960
966044960
966044960
966044960
966044960
966044960
966044960
966044960
1057129096
965959344
965959344
965959344
965959344
965959344
965959344
965959344
965959344
965959344
965959344
965959344
965959344
965959344
1057528176
967970656
967970656
967970656
967970656
967970656
967970656
967970656
967970656
967970656
967970656
1056486968
970128344
970128344
970128344
970128344
970128344
970128344
970128344
970128344
970128344
970128344
970128344
1058135096
965822632
965822632
965822632
965822632
965822632
965822632
965822632
965822632
965822632
965822632
1057497800
966845208
966845208
966845208
966845208
966845208
966845208
966845208
966845208
966845208
966845208
1059839152
966434384
966434384
966434384
966434384
966434384
966434384
966434384
966434384
966434384
966434384
966434384
957676584
1057264424
1057264424
1057264424
1057264424
1057264424
1057264424
1057264424
1057264424
1057264424
1057264424
1057264424
1057264424
1057264424
1057264424
1057264424
954667560
954667560
954667560
954667560
954667560
954667560
954667560
954667560
954667560
954667560
1058730272
955349736
955349736
967753160
967753160
967753160
967753160
967753160
967753160
967753160
967753160
967753160
967753160
967753160
1056770056
1056770056
947103568
947103568
947103568
947103568
947103568
947103568
947103568
947103568
947103568
947103568
1058176520
966607000
966607000
966607000
966607000
966607000
966607000
966607000
966607000
966607000
966607000
966607000
966607000
966607000
966607000
966607000
966607000
966607000
966607000
966607000
1058404376
966801016
966801016
966801016
966801016
966801016
966801016
966801016
966801016
966801016
966801016
1057924504
966314240
966314240
966314240
966314240
966314240
966314240
966314240
966314240
966314240
966314240
1057558560
1057558560
957979008
957979008
957979008
957979008
957979008
957979008
957979008
957979008
957979008
957979008
1059346848
966079488
966079488
966079488
966079488
966079488
966079488
966079488
966079488
966079488
966079488
966079488
966079488
1056422064
965102488
965102488
965102488
965102488
965102488
965102488
965102488
965102488
965102488
965102488
1057528176
965565096
965565096
965565096
965565096
965565096
965565096
965565096
965565096
965565096
965565096
1057200904
968732232
968732232
968732232
968732232
968732232
968732232
968732232
968732232
968732232
968732232
968732232
968732232
968732232
968732232
968732232
968732232
968732232
968732232
1055860720
950124336
950124336
950124336
950124336
950124336
950124336
950124336
950124336
950124336
950124336
966997112
1056551872
957267144
957267144
957267144
957267144
957267144
957267144
957267144
957267144
957267144
958575568
958575568
958575568
958575568
958575568
958575568
958575568
958575568
958575568
958575568
1059280568
966805848
966805848
966805848
966805848
966805848
966805848
966805848
966805848
966805848
966805848
966805848
957318240
957139408
957139408
957139408
957139408
957139408
957139408
957139408
957139408
957139408
957318240
1057561320
966649808
966649808
966649808
966649808
966649808
966649808
966649808
966649808
966649808
966649808
966649808
966649808
966649808
966649808
966649808
966649808
966649808
966649808
966649808
966649808
1058222088
967596424
967596424
967596424
967596424
967596424
967596424
967596424
967596424
967596424
967596424
1060142264
965738400
965738400
965738400
965738400
965738400
965738400
965738400
965738400
965738400
965738400
1048196608
965482928
965482928
965482928
965482928
965482928
965482928
965482928
965482928
965482928
965482928
965482928
1057916216
972997896
972997896
972997896
972997896
972997896
972997896
972997896
972997896
972997896
972997896
1059964120
964822848
964822848
964822848
964822848
964822848
964822848
964822848
964822848
964822848
964822848
964822848
966421264
966421264
966421264
966421264
966421264
966421264
966421264
966421264
966421264
966421264
966421264
1057139448
