115992
3464728
3464728
8540992
28703808
85211072
161637424
474060304
631849104
669521992
669662160
669662160
669662160
669662160
669662160
669662160
669662160
669662160
669662160
669662160
669662160
669662160
669662160
669662160
669662160
669662160
669662160
669662160
669662160
669662160
669662160
669662160
669662160
669662160
669662160
669662160
669662160
669662160
669662160
669662160
669662160
669662160
669662160
669662160
669662160
669662160
669662160
669662160
669662160
669662160
669662160
669662160
669662160
669662160
669662160
669662160
669662160
669662160
669662160
669662160
669662160
669662160
669662160
669662160
669662160
669662160
669662160
669662160
669662160
669662160
669662160
669662160
669662160
669662160
668025768
668025768
668025768
668025768
668025768
668025768
668025768
668025768
668025768
668025768
668025768
668025768
668025768
668025768
668025768
668025768
668025768
668025768
668025768
668025768
668025768
668025768
668025768
668025768
668025768
668025768
668810824
668810824
668810824
668810824
668810824
668810824
668810824
668810824
668810824
668810824
668810824
668810824
668810824
668810824
668810824
668810824
668810824
668810824
668810824
668810824
668810824
668810824
668810824
668810824
668810824
668721064
668721064
668721064
668721064
668721064
668721064
668721064
668721064
668721064
668721064
668721064
668721064
668721064
668721064
668721064
668721064
668721064
668721064
668721064
668721064
668721064
668721064
668721064
668721064
668721064
668915080
668915080
668915080
668915080
668915080
668915080
668915080
668915080
668915080
668915080
668915080
668915080
668915080
668915080
668915080
668915080
668915080
668915080
668915080
668915080
668915080
668915080
668915080
668915080
669279640
669279640
669279640
669279640
669279640
669279640
669279640
669279640
669279640
669279640
669279640
669279640
669279640
669279640
669279640
669279640
669279640
669279640
669279640
669279640
669279640
669279640
669279640
669279640
669279640
669279640
669279640
669279640
669279640
669279640
669279640
669279640
669279640
669279640
669279640
669279640
669279640
669279640
669279640
669279640
669279640
669279640
669279640
669279640
668379280
668379280
668379280
668379280
668379280
668379280
668379280
668379280
668379280
668379280
668379280
668379280
668379280
668379280
668379280
668379280
668379280
668379280
668379280
668379280
668379280
668379280
667739224
667739224
667739224
667739224
667739224
667739224
667739224
667739224
667739224
667739224
667739224
667739224
667739224
667739224
667739224
667739224
667739224
667739224
669168480
669205768
669205768
669205768
669205768
669205768
669205768
669205768
669205768
669205768
669205768
669205768
669205768
669205768
669205768
669205768
669205768
669205768
669205768
669205768
669205768
669205768
669205768
669205768
669205768
669205768
669205768
669205768
669205768
669205768
669205768
669205768
669205768
669205768
669205768
668152120
668152120
668152120
668152120
668152120
668152120
668152120
668152120
668152120
668152120
668152120
668152120
668152120
668152120
668152120
668152120
668152120
668152120
668152120
668152120
668152120
668152120
668152120
668152120
668152120
668152120
668152120
668152120
668152120
668152120
668152120
668152120
668152120
668152120
668152120
668152120
668152120
668866056
668866056
668866056
668866056
668866056
668866056
668866056
668866056
668866056
668866056
668866056
668866056
668866056
668866056
668866056
668866056
668866056
668866056
668866056
668866056
668866056
668866056
668866056
668866056
668866056
668286072
668286072
668286072
668286072
668286072
668286072
668286072
668286072
668286072
668286072
668286072
668286072
668286072
668286072
668286072
668286072
668286072
668286072
668545688
668545688
668545688
668545688
668545688
668545688
668545688
668545688
668545688
668545688
668545688
668545688
668545688
668545688
668545688
668545688
668545688
668545688
668545688
668545688
668545688
668545688
668545688
668545688
668545688
668545688
668545688
668545688
668545688
669017272
669017272
669017272
669017272
669017272
669017272
669017272
669017272
669017272
669017272
669017272
669017272
669017272
669017272
669017272
669017272
669017272
669017272
669017272
669017272
669017272
669017272
669017272
669017272
669017272
669017272
669017272
669017272
669017272
669017272
669017272
669017272
669017272
669017272
669017272
669017272
669017272
669017272
669017272
669017272
669017272
669017272
669017272
669017272
669017272
669017272
669023480
669519232
669519232
669519232
669519232
669519232
669519232
669519232
669519232
669519232
669519232
669519232
669519232
669519232
669519232
669519232
669519232
669519232
669519232
669519232
669519232
669519232
669519232
669519232
669519232
669519232
669519232
669519232
669519232
669519232
669519232
669519232
669519232
669519232
669519232
668972392
668972392
668972392
668972392
668972392
668972392
668972392
668972392
668972392
668972392
668972392
668972392
668972392
668972392
668972392
668972392
668972392
668972392
668972392
668972392
668972392
668972392
668972392
668479400
668479400
668479400
668479400
668479400
668479400
668479400
668479400
668479400
668479400
668479400
668479400
668479400
668479400
668479400
668479400
668479400
668479400
668479400
668479400
668479400
668479400
668479400
668479400
668479400
668741088
668741088
668741088
668741088
668741088
668741088
668741088
668741088
668741088
668741088
668741088
668741088
668741088
668741088
668741088
668741088
668741088
668741088
668741088
668741088
668741088
668741088
668741088
668741088
668741088
668741088
668741088
668741088
668741088
668741088
668741088
668741088
668741088
668741088
668741088
668741088
669339024
669339024
669339024
669339024
669339024
669339024
669339024
669339024
669339024
669339024
669339024
669339024
669339024
669339024
669339024
669339024
669339024
669339024
669339024
669339024
669339024
669339024
669339024
669339024
669339024
669339024
669339024
669339024
669339024
669339024
669205768
669205768
669205768
669205768
669205768
669205768
669205768
669205768
669205768
669205768
669205768
669205768
669205768
669205768
669205768
669205768
669205768
669205768
669205768
669205768
669205768
669205768
669205768
669205768
669205768
669205768
669205768
669205768
669205768
669205768
669205768
667976744
667976744
667976744
667976744
667976744
667976744
667976744
667976744
667976744
667976744
667976744
667976744
667976744
667976744
667976744
667976744
667976744
667976744
667976744
668009888
668009888
668009888
668009888
668009888
668009888
668009888
668009888
668009888
668009888
668009888
668009888
668009888
668009888
668009888
668009888
668009888
668009888
668009888
668009888
668009888
668009888
668009888
668009888
668009888
668009888
668009888
668009888
668009888
668009888
668009888
668009888
668009888
668009888
668009888
668009888
668009888
668009888
668009888
668009888
668009888
668009888
668009888
668009888
668009888
668009888
668009888
668009888
668009888
668009888
668203904
668203904
668203904
668203904
668203904
668203904
668203904
668203904
668203904
668203904
668203904
668203904
668203904
668203904
668203904
668203904
668203904
668203904
668203904
668203904
668203904
668203904
668203904
668203904
668203904
668203904
668203904
668621632
668621632
668621632
668621632
668621632
668621632
668621632
668621632
668621632
668621632
668621632
668621632
668621632
668621632
668621632
668621632
668621632
668621632
668621632
668621632
668621632
668621632
668621632
668848104
668848104
668848104
668848104
668848104
668848104
668848104
668848104
668848104
668848104
668848104
668848104
668848104
668848104
668848104
668848104
668848104
668848104
668848104
668848104
668848104
668848104
669325904
669325904
669325904
669325904
669325904
669325904
669325904
669325904
669325904
669325904
669325904
669325904
669325904
669325904
669325904
669325904
669325904
669325904
669325904
669325904
669325904
669325904
669325904
669325904
669325904
669325904
669325904
669325904
669325904
669325904
669325904
669325904
669325904
669325904
669325904
669325904
669325904
669325904
669179528
669179528
669179528
669179528
669179528
669179528
669179528
669179528
669179528
669179528
669179528
669179528
669179528
669179528
669179528
669179528
669179528
669179528
669179528
669179528
669179528
669179528
669179528
669179528
669179528
669179528
669012432
669012432
669012432
669012432
669012432
669012432
669012432
669012432
669012432
669012432
669012432
669012432
669012432
669012432
669012432
669012432
669012432
669012432
669012432
669012432
669012432
669012432
669012432
669012432
669012432
669012432
669012432
669012432
668814968
668814968
668814968
668814968
668814968
668814968
668814968
668814968
668814968
668814968
668814968
668814968
668814968
668814968
668814968
668814968
668814968
668814968
668814968
669179528
669179528
669179528
669179528
669179528
669179528
669179528
669179528
669179528
669179528
669179528
669179528
669179528
669179528
669179528
669179528
669179528
669179528
669179528
669179528
669179528
669179528
669179528
669179528
669179528
669179528
669179528
669179528
669179528
669179528
669179528
669179528
669179528
669179528
669179528
669179528
669179528
669179528
669688400
669688400
669688400
669688400
669688400
669688400
669688400
669688400
669688400
669688400
669688400
669688400
669688400
669688400
669688400
669688400
669688400
669688400
669688400
669688400
669688400
669688400
669688400
669688400
669688400
669688400
668972392
668972392
668972392
668972392
668972392
668972392
668972392
668972392
668972392
668972392
668972392
668972392
668972392
668972392
668972392
668972392
668972392
668972392
28703808
85211072
161637424
474060304
631849104
669521992
669662160
669662160
669662160
669662160
669662160
669662160
669662160
669662160
669662160
669662160
669662160
669662160
669662160
669662160
669662160
669662160
669662160
669662160
669662160
669662160
669662160
669662160
669662160
669662160
669662160
669662160
669662160
669662160
669662160
669662160
669662160
669662160
