68062800
3896455432
941975520
941975520
941975520
941975520
941975520
5541626008
1926347376
952355896
952355896
952355896
952355896
952355896
2389752504
946235664
946235664
946235664
946235664
946235664
2003767296
940937760
940937760
940937760
940937760
940937760
940937760
1926707104
947206448
947206448
947206448
947206448
947206448
947206448
1354715368
952534040
952534040
952534040
952534040
952534040
1998198736
987878008
987878008
987878008
1743859432
1743859432
1743859432
1743859432
1743859432
1743859432
1743859432
1743859432
1595218544
1595218544
918818176
918818176
918818176
918818176
918818176
1094186096
1500706272
1500706272
1500706272
1500706272
1487247136
1487247136
1487247136
1487247136
1487247136
1487247136
1487247136
1487247136
1487247136
944982472
944982472
944982472
944982472
944982472
944982472
1699120376
944025496
944025496
944025496
944025496
944025496
1139247600
1499223856
1499223856
1499223856
1514322152
1514322152
1514322152
1514322152
1514322152
1514322152
1514322152
943230088
943230088
943230088
943230088
943230088
1503403216
1753058432
940856288
940856288
940856288
940856288
940856288
940856288
1685802776
1685802776
945117808
945117808
945117808
948530056
948530056
948530056
1488824840
1488824840
1488824840
1488824840
1488824840
1488824840
1488824840
1488824840
1488824840
1046829496
941741456
941741456
941741456
941741456
941741456
1710269232
1742647672
1225298960
1225298960
1225298960
1225298960
1225298960
1225298960
1225298960
1225298960
1225298960
943939192
943939192
943939192
943939192
943939192
943939192
945284208
945284208
945284208
945284208
945284208
1468965128
1499199688
1499199688
1499199688
1499199688
1499199688
1499199688
1499199688
1499199688
938096512
942686008
942686008
942686008
942686008
942686008
1756280808
942050088
942050088
942050088
942050088
942050088
942050088
1608578944
930078200
930078200
930078200
930078200
930078200
1140005720
1495638992
1495638992
1495638992
1495638992
1495638992
1495638992
1495638992
1495638992
1495638992
943852192
943852192
943852192
943852192
943852192
943852192
1012381752
942918000
942918000
942918000
942918000
942918000
1367391528
944080736
944080736
944080736
944080736
944080736
944080736
1472399480
1472399480
1472399480
1472399480
1472399480
1472399480
1472399480
1472399480
1472399480
1472399480
1472399480
1472399480
942306248
942306248
942306248
942306248
942306248
942306248
1720563304
1209770512
942996712
942996712
942996712
942996712
942996712
1631119712
943792120
943792120
943792120
943792120
943792120
943792120
1483156848
1483156848
1483156848
1483156848
1483156848
1483156848
1483156848
1483156848
1483156848
939979400
939979400
939979400
939979400
939979400
939979400
1765041368
945773744
945773744
945773744
945773744
945773744
1572340832
944800888
944800888
944800888
944800888
944800888
944800888
1574097360
945609416
945609416
945609416
945609416
945609416
1387602680
1502825296
1502825296
1502825296
1502825296
1502825296
1502825296
1502825296
1502825296
1502825296
946382728
946382728
946382728
946382728
946382728
1493496488
942679792
942679792
942679792
942679792
943830096
943830096
943830096
943830096
943830096
1106004696
1905617688
941389320
941389320
941389320
941389320
941389320
941389320
2106587176
944089016
944089016
944089016
944089016
944089016
944089016
1849869240
949903384
942331800
942331800
942331800
942331800
942331800
1874743760
942415344
942415344
942415344
942415344
942415344
942415344
1805168152
942247560
942247560
942247560
942247560
942247560
1774608384
941742144
941742144
941742144
941742144
941742144
941742144
1833162176
943350920
941503936
941503936
941503936
941503936
941503936
1820535728
942145376
942145376
942145376
942145376
942145376
942145376
1854019592
941160088
941160088
941160088
941160088
941160088
941160088
1799758400
945893880
944275440
944275440
944275440
944275440
944275440
1855446088
943477960
943477960
943477960
943477960
943477960
943477960
1818091496
943872904
943872904
943872904
943872904
943872904
943872904
1885793888
942267584
942267584
942267584
942267584
942267584
1866940872
942743312
942743312
942743312
942743312
942743312
942743312
1313582584
941695192
941695192
941695192
941695192
1868206480
1868206480
1868206480
1868206480
1868206480
1868206480
1868206480
1868206480
1868206480
942266896
942266896
942266896
942266896
942266896
942266896
1302230040
945514816
945514816
945514816
945514816
945514816
1865135312
947207832
947207832
947207832
947207832
947207832
947207832
1314091456
946805288
946805288
946805288
946805288
946805288
1812623056
1812623056
939751552
939751552
939751552
939751552
939751552
1800967392
944143568
940631192
940631192
940631192
940631192
940631192
1852950760
940286656
940286656
940286656
940286656
940286656
940286656
1852579984
945537608
945537608
945537608
945537608
945537608
945537608
1839229936
942668056
942668056
942668056
942668056
1839229936
1839229936
1839229936
1839229936
1839229936
1839229936
1839229936
1839229936
1839229936
941525344
941525344
941525344
941525344
941525344
941525344
1805070112
944335512
944335512
944335512
944335512
944335512
944335512
1317701872
942458840
942458840
942458840
942458840
942458840
1859919576
945275920
945275920
945275920
945275920
945275920
945275920
1303771832
943148616
943148616
943148616
943148616
943148616
1866857320
944086256
944086256
944086256
944086256
944086256
944086256
1857948312
943435848
943435848
943435848
943435848
943435848
1857948312
941695192
943955072
943955072
943955072
943955072
943955072
1853663320
941405888
941405888
941405888
941405888
941405888
941405888
939845448
948793128
948793128
948793128
948793128
948793128
1849706984
941276776
941276776
941276776
941276776
941276776
941276776
943016736
943016736
943016736
943016736
943016736
943016736
1855887984
942137088
942137088
942137088
942137088
942137088
942137088
1825243288
942514080
942514080
942514080
942514080
942514080
942514080
1825243288
1825243288
1825243288
1825243288
1825243288
1825243288
1825243288
1825243288
946364088
946364088
946364088
946364088
946364088
946364088
1820182904
942638360
945874552
945874552
945874552
945874552
945874552
1820182904
942485768
942485768
942485768
942485768
942485768
942485768
1855803056
940687120
940687120
940687120
940687120
940687120
940687120
1305363344
942124664
942124664
942124664
942124664
942124664
942124664
1852310016
945866264
945866264
945866264
945866264
945866264
945866264
1312818936
942683936
942683936
942683936
942683936
942683936
1859202192
942348368
942348368
942348368
942348368
942348368
942348368
1811223488
944354160
944354160
944354160
944354160
944354160
944354160
1304359416
946750056
946750056
946750056
946750056
946750056
1855089120
945468560
945468560
945468560
945468560
945468560
945468560
1857948312
944278896
944278896
944278896
944278896
944278896
944278896
941894048
941894048
941894048
941894048
941894048
941894048
1851179736
946065120
946065120
946065120
946065120
946065120
946065120
1823720128
940945352
940945352
940945352
940945352
940945352
940945352
1873350408
943420656
943420656
943420656
943420656
943420656
1873350408
943343320
943343320
943343320
943343320
943343320
943343320
1868568280
947036592
947036592
947036592
947036592
947036592
947036592
1847657696
942802696
942802696
942802696
942802696
1847657696
1847657696
1847657696
1847657696
1847657696
1847657696
1847657696
1847657696
1621127368
941892664
941892664
941892664
941892664
941892664
941892664
939971112
939971112
939971112
939971112
939971112
939971112
1836892040
944507440
944507440
944507440
944507440
944507440
944507440
1849641384
940687120
940687120
940687120
940687120
940687120
940687120
941313368
941313368
941313368
941313368
941313368
941313368
1844621744
939056944
939056944
939056944
939056944
939056944
939056944
1302981256
942590720
942590720
942590720
942590720
942590720
1853128904
943581528
943581528
943581528
943581528
943581528
943581528
1873316576
946337848
946337848
946337848
946337848
946337848
1873316576
1292919184
943997880
943997880
943997880
943997880
943997880
1838818424
940131304
940131304
940131304
940131304
940131304
940131304
1298116272
939971808
939971808
939971808
939971808
939971808
1839169176
1810349368
943581528
943581528
943581528
943581528
943581528
1810349368
1810349368
1810349368
1810349368
1810349368
1810349368
1810349368
1810349368
945281448
945281448
945281448
945281448
945281448
945281448
1811922928
1811922928
941535696
941535696
941535696
941535696
941535696
1811922928
943834928
943322608
943322608
943322608
943322608
943322608
1853440296
942470584
942470584
942470584
942470584
942470584
942470584
1857502968
943792120
943792120
943792120
943792120
943792120
1857502968
942270344
944952096
944952096
944952096
944952096
944952096
1837066728
1291687400
1291687400
1291687400
1291687400
1291687400
1291687400
1291687400
1291687400
1291687400
1291687400
1837066728
945442320
941542600
941542600
941542600
941542600
941542600
941542600
944033784
944033784
944033784
944033784
944033784
944033784
1859381712
2066139328
945445080
945445080
945445080
945445080
945445080
945445080
1070137360
923269576
923269576
923269576
923269576
923269576
1975889272
942497512
942497512
942497512
942497512
943792120
943792120
943792120
1857502968
942270344
944952096
944952096
944952096
944952096
944952096
1837066728
1291687400
1291687400
1291687400
1291687400
1291687400
1291687400
1291687400
12916874
944952096
944952096
944952096
1837066728
1291687400
1291687400
1291687400
1291687400
1291687400
1291687400
1291687400
1291687400
1291687400
1291687400
1837066728
945442320
941542600
941542600
941542600
941542600
941542600
941542600
944033784
944033784
944033784
944033784
944033784
944033784
1859381712
2066139328
945445080
945445080
945445080
945445080
945445080
945445080
1070137360
923269576
923269576
923269576
923269576
923269576
1975889272
942497512
942497512
942497512
942497512
943792120
943792120
943792120
1857502968
942270344
944952096
944952096
944952096
944952096
944952096
1837066728
1291687400
1291687400
1291687400
1291687400
1291687400
1291687400
1291687400
1291687400
1291687400
1291687400
1837066728
945442320
941542600
941542600
941542600
941542600
941542600
941542600
944033784
944033784
944033784
944033784
944033784
944033784
1859381712
2066139328
945445080
945445080
945445080
945445080
945445080
