938675808
938675808
938675808
938675808
3318979368
1640851744
941328560
941328560
941328560
941328560
941328560
941328560
941328560
941328560
941328560
941328560
2465774240
1479155632
1040031224
940169280
940169280
940169280
940169280
940169280
940169280
940169280
940169280
2301796160
2350985920
1455779408
1455779408
1455779408
1455779408
1455779408
1455779408
1455779408
1455779408
1455779408
1455779408
1455779408
1455779408
1455779408
1455779408
1455779408
1455779408
1455779408
1455779408
1455779408
1455779408
1455779408
1455779408
1455779408
1455779408
1455779408
940256272
940256272
940256272
940256272
940256272
940256272
940256272
940256272
940256272
940256272
940256272
1821481656
1821481656
1821481656
1280729104
939969040
939969040
939969040
939969040
939969040
939969040
939969040
939969040
939969040
939969040
1582761256
1823735320
1823735320
1384425184
1384425184
1384425184
1384425184
1384425184
1384425184
1384425184
1384425184
1384425184
1384425184
1384425184
1384425184
1272241280
1272241280
1272241280
940598744
940598744
940598744
940598744
940598744
940598744
940598744
940598744
940598744
940598744
943274968
1562252520
938275344
938275344
1623450768
1623450768
1623450768
1623450768
1623450768
1623450768
1623450768
1623450768
1623450768
1623450768
1623450768
1623450768
1623450768
1623450768
1623450768
1623450768
1623450768
1623450768
1623450768
1141488136
939927616
939927616
939927616
939927616
939927616
939927616
939927616
939927616
939927616
939927616
1741185280
1876495456
1876495456
1876495456
938911952
938911952
938911952
938911952
938911952
938911952
938911952
938911952
938911952
1872893328
1872893328
1872893328
1872893328
1872893328
1872893328
1872893328
1872893328
1872893328
1872893328
1872893328
1872893328
1872893328
1872893328
1872893328
1872893328
1872893328
1872893328
938559816
938559816
938559816
938559816
938559816
938559816
938559816
938559816
938559816
938559816
938559816
1871511712
1871511712
940473768
940473768
940473768
940473768
940473768
940473768
940473768
940473768
940473768
940473768
940473768
1470138224
1376439320
967808400
967808400
967808400
967808400
967808400
967808400
967808400
967808400
967808400
967808400
967808400
1648316312
1295758352
1295758352
940880448
940880448
940880448
940880448
940880448
940880448
940880448
940880448
940880448
940880448
943946096
1593657408
1763318672
1032339504
1032339504
1032339504
1032339504
1032339504
1032339504
1032339504
1032339504
1032339504
1032339504
1032339504
1032339504
1032339504
1032339504
1032339504
1032339504
1032339504
944371416
940419912
940419912
940419912
940419912
940419912
940419912
940419912
940419912
940419912
940419912
940419912
940419912
941724880
941724880
941724880
941724880
941724880
941724880
941724880
941724880
941724880
941724880
941724880
1147408144
1843415512
1843415512
1843415512
1843415512
1843415512
1843415512
1843415512
1843415512
1843415512
1843415512
1843415512
1843415512
1843415512
1843415512
1843415512
1843415512
1843415512
1843415512
1296151224
942554128
942554128
942554128
942554128
942554128
942554128
942554128
942554128
942554128
942554128
1893114144
1331095416
939032776
939032776
939032776
939032776
939032776
939032776
939032776
939032776
939032776
939032776
1893114144
1331509696
943822504
943822504
943822504
943822504
943822504
943822504
943822504
943822504
943822504
943822504
1865639352
1865639352
1311777032
941071712
941071712
941071712
941071712
941071712
941071712
1865639352
1865639352
1865639352
1865639352
1865639352
1865639352
1865639352
1865639352
1865639352
1865639352
1865639352
1865639352
1865639352
1865639352
1865639352
1865639352
1865639352
1865639352
939547176
939547176
939547176
939547176
939547176
939547176
939547176
939547176
939547176
939547176
939547176
1882751720
1882751720
1534398664
941671024
941671024
941671024
941671024
941671024
941671024
941671024
941671024
941671024
941671024
1777448248
1832665736
1832665736
1288592760
1288592760
1288592760
1288592760
1288592760
1288592760
1288592760
1288592760
1288592760
1288592760
1288592760
1288592760
1288592760
1288592760
1288592760
1288592760
1517269728
944079352
944079352
944079352
944079352
944079352
944079352
944079352
944079352
944079352
944079352
944079352
944079352
1087496912
1087496912
1087496912
1087496912
1087496912
1087496912
1087496912
1087496912
1087496912
1087496912
1087496912
1087496912
1057646936
1057646936
1256899944
938130352
938130352
938130352
938130352
938130352
938130352
938130352
938130352
938130352
938130352
1256899944
1842778904
1842778904
1842778904
1842778904
1842778904
1842778904
1842778904
1842778904
1842778904
1842778904
1842778904
1842778904
1842778904
1842778904
1842778904
1842778904
1842778904
1842778904
1295703808
939080424
939080424
939080424
939080424
939080424
939080424
939080424
939080424
939080424
939080424
1785405800
1785405800
1785405800
1785405800
1785405800
1785405800
1785405800
1785405800
1785405800
1785405800
1785405800
1785405800
1785405800
1785405800
1785405800
1785405800
1785405800
1785405800
1785405800
1785405800
1618012016
959611944
959611944
959611944
959611944
959611944
959611944
959611944
959611944
959611944
959611944
959611944
959611944
1308295040
1308295040
1308295040
1330587928
941015088
941015088
941015088
941015088
941015088
941015088
941015088
941015088
941015088
941015088
1542553000
1815683176
1815683176
1815683176
938377536
938377536
938377536
938377536
938377536
938377536
938377536
938377536
938377536
938377536
1410354728
1871603544
1871603544
941239488
941239488
941239488
941239488
941239488
941239488
941239488
941239488
941239488
941239488
941239488
1896105904
941193232
941193232
1896105904
1896105904
1896105904
1896105904
1896105904
1896105904
1896105904
1896105904
1896105904
1896105904
1896105904
1896105904
1896105904
1896105904
1896105904
1896105904
1896105904
1614136456
1614136456
1134939128
941688976
941688976
941688976
941688976
941688976
941688976
941688976
941688976
941688976
941688976
1580575952
1880486320
938369936
938369936
938369936
938369936
938369936
938369936
938369936
938369936
938369936
938369936
938369936
1581184936
1581184936
1581184936
1581184936
1581184936
1581184936
1581184936
1581184936
1581184936
1581184936
1581184936
1581184936
1581184936
1581184936
1581184936
1581184936
1581184936
1488085352
1488085352
1046309584
940872168
940872168
940872168
940872168
940872168
940872168
940872168
940872168
940872168
940872168
1455804264
1817109664
939781928
939781928
939781928
939781928
939781928
939781928
939781928
939781928
939781928
939781928
1213250432
1738993072
1083412152
1083412152
1083412152
1083412152
1083412152
1083412152
1083412152
1083412152
1083412152
1083412152
1083412152
1083412152
1083412152
1083412152
1083412152
1083412152
1083412152
1738993072
1738993072
1738993072
1738993072
1738993072
1738993072
1738993072
1738993072
1738993072
1738993072
1738993072
1738993072
1738993072
1738993072
1738993072
1738993072
1738993072
1621920704
1621920704
940024968
940024968
940024968
940024968
940024968
940024968
940024968
940024968
940024968
940024968
940024968
1352449968
1785364376
947693912
947693912
947693912
947693912
947693912
947693912
947693912
947693912
947693912
947693912
947693912
1879339464
941716600
941716600
941716600
941716600
941716600
941716600
941716600
941716600
941716600
941716600
941716600
1894073192
1894073192
942608672
942608672
942608672
942608672
942608672
942608672
942608672
942608672
942608672
942608672
942608672
1901075840
941109680
941109680
941109680
941109680
941109680
941109680
941109680
941109680
941109680
941109680
941109680
1892938072
1892938072
1892938072
1882622600
1882622600
1882622600
1882622600
1882622600
1882622600
1882622600
1882622600
1882622600
1882622600
1882622600
1882622600
1882622600
1238994928
1238994928
1238994928
1238994928
1238994928
1238994928
1238994928
1238994928
1238994928
1238994928
1238994928
1238994928
1238994928
1238994928
1238994928
1238994928
1238994928
1238994928
1238994928
1238994928
939514720
939514720
939514720
939514720
939514720
939514720
939514720
939514720
939514720
939514720
1178786800
1689094888
1689094888
1689094888
1187644712
940879760
940879760
940879760
940879760
940879760
940879760
940879760
940879760
940879760
940879760
1615060984
1849379016
1849379016
1300344392
1300344392
1300344392
1300344392
1300344392
1300344392
1300344392
1300344392
1300344392
1300344392
1300344392
1300344392
1300344392
1300344392
1300344392
1300344392
1300344392
1454178232
938755904
938755904
938755904
938755904
938755904
938755904
938755904
938755904
938755904
938755904
938755904
1274773200
1274773200
1274773200
1274773200
1274773200
1274773200
1274773200
1274773200
1274773200
1274773200
1274773200
1274773200
1274773200
1274773200
1274773200
1208214216
1208214216
1208214216
1257071176
938095136
938095136
938095136
938095136
938095136
938095136
938095136
938095136
938095136
938095136
938095136
1789864104
1390011696
977351936
977351936
977351936
977351936
977351936
977351936
977351936
977351936
977351936
977351936
1807149776
1807149776
943666456
943666456
943666456
943666456
943666456
943666456
943666456
943666456
943666456
943666456
1388628016
1845783784
1845783784
1845783784
938840144
938840144
938840144
1622269392
1622269392
1622269392
1622269392
1622269392
1622269392
1622269392
1622269392
1622269392
1622269392
1622269392
1622269392
1622269392
1622269392
1622269392
1622269392
1622269392
1086403224
943703056
943703056
943703056
943703056
943703056
943703056
943703056
943703056
943703056
943703056
1545107704
1798403720
940500696
940500696
940500696
940500696
940500696
940500696
940500696
940500696
940500696
940500696
1234956432
1736742168
1736742168
939009992
939009992
939009992
939009992
939009992
939009992
939009992
939009992
939009992
939009992
1148905752
1693868040
1191000352
1191000352
1191000352
1191000352
1191000352
1191000352
1191000352
1191000352
1191000352
1191000352
1191000352
1191000352
1191000352
1191000352
1191000352
1191000352
1191000352
1693868040
1151635832
1151635832
1352846984
1369517456
938465224
938465224
938465224
938465224
938465224
938465224
938465224
938465224
1369517456
1369517456
1369517456
1369517456
1369517456
1369517456
1369517456
1369517456
1369517456
1369517456
1369517456
1369517456
1369517456
1369517456
1369517456
1369517456
1307631504
1307631504
1307631504
1307631504
1058516920
936760472
936760472
1369517456
1369517456
1369517456
1369517456
1369517456
1369517456
1369517456
1369517456
1369517456
1369517456
1369517456
1307631504
1307631504
1307631504
1307631504
1058516920
936760472
936760472
