1975400
11947032
98773088
831620648
1004625120
955499568
959058888
959058888
959058888
959058888
959058888
959058888
959058888
959058888
959058888
959058888
959058888
1004625120
1009346488
1009346488
961182056
961182056
961182056
961182056
961182056
961182056
961182056
961182056
961182056
961182056
1009346488
1009164896
961563880
961563880
961563880
961563880
961563880
961563880
961563880
961563880
961563880
961563880
961563880
961563880
961563880
961563880
961563880
961563880
961563880
961563880
961563880
961563880
961563880
961563880
1003619808
1004935824
1004935824
1004935824
1004935824
1004935824
1004935824
958778560
958778560
958778560
958778560
958778560
958778560
958778560
958778560
958778560
958778560
958778560
959123104
1004510504
1004510504
1004510504
1004510504
961605992
961605992
961605992
961605992
961605992
961605992
961605992
961605992
961605992
961605992
961605992
961605992
961605992
961605992
961605992
961605992
961605992
994793656
1004748016
957092456
957092456
957092456
957092456
957092456
957092456
957092456
957092456
957092456
957092456
957092456
957092456
1004851592
1004851592
1004851592
1004851592
1004851592
1004851592
1004851592
1004851592
1004851592
1004851592
1004851592
1004851592
1004851592
1004851592
1004851592
1004851592
1004851592
1004851592
1004851592
1004851592
960976296
960976296
960976296
960976296
960976296
960976296
960976296
960976296
960976296
960976296
965892368
1004569192
1004569192
1004569192
1004569192
958235856
957662776
957662776
957662776
957662776
957662776
957662776
957662776
957662776
957662776
957662776
957662776
957662776
957662776
974516912
1004497384
957143552
957143552
957143552
957143552
957143552
957143552
957143552
957143552
957143552
957143552
957143552
957143552
957143552
957143552
957143552
957143552
957143552
957143552
957143552
957143552
967621288
1004614760
1004614760
1004614760
1004614760
1004614760
1004614760
959244624
959244624
959244624
959244624
959244624
959244624
959244624
959244624
959244624
959244624
959244624
978206728
1004965512
1004965512
1004965512
1004965512
960063504
960063504
960063504
960063504
960063504
960063504
960063504
960063504
960063504
960063504
960063504
960063504
960063504
963144344
963144344
963144344
963144344
963144344
963144344
963144344
963144344
963144344
963144344
963144344
963144344
963144344
1004246744
1004246744
1004246744
956357120
961476880
961476880
961476880
961476880
961476880
961476880
961476880
961476880
961476880
961476880
961476880
961476880
961476880
961476880
1004408312
1004408312
1004408312
956706488
956706488
956706488
956706488
956706488
956706488
959622304
959622304
959622304
959622304
959622304
959622304
959622304
959622304
959622304
959622304
959622304
959622304
959622304
959622304
959622304
1002907256
1004925472
957276120
957276120
957276120
957276120
957276120
957276120
957276120
957276120
957276120
957276120
957276120
957276120
957276120
957276120
957276120
1004644448
1004644448
1004644448
1004644448
1004644448
1004644448
956622256
958826200
958826200
958826200
958826200
958826200
958826200
958826200
958826200
958826200
958826200
958826200
958826200
958826200
958826200
1004587144
1004587144
1004587144
1004587144
1004587144
1004587144
1004587144
1004587144
1004587144
1004587144
1004587144
1004587144
1004587144
1004587144
1004587144
1004587144
1004587144
1004587144
1004587144
1004587144
952113552
961436144
961436144
961436144
961436144
961436144
961436144
961436144
961436144
961436144
961436144
987672936
1004290248
1004290248
956735488
956400616
956400616
956400616
956400616
956400616
956400616
956400616
956400616
956400616
956400616
990124760
1004540880
956943320
956943320
956943320
956943320
956943320
956943320
956943320
956943320
956943320
956943320
956943320
956943320
956943320
956943320
956943320
956943320
956943320
956943320
956943320
1002612424
1004718328
1004718328
1004718328
1004718328
1004718328
1004718328
956627776
956627776
956627776
956627776
956627776
956627776
956627776
956627776
956627776
956627776
956627776
956627776
956627776
988873648
1004598880
1004598880
1004598880
955918672
961403000
961403000
961403000
961403000
961403000
961403000
961403000
961403000
961403000
961403000
961403000
961403000
961403000
961403000
961403000
961403000
961403000
961403000
961403000
961403000
961403000
961403000
961403000
961403000
961403000
1004334432
1004334432
956840440
956729968
956729968
956729968
956729968
956729968
956729968
956729968
956729968
956729968
956729968
958367048
1004999344
957115240
957115240
957115240
957115240
957115240
957115240
957115240
957115240
957115240
957115240
957115240
957115240
957115240
957115240
957115240
957115240
957115240
957115240
999928608
1004688640
1004688640
1004688640
1004688640
1004688640
1004688640
960965936
960965936
960965936
960965936
960965936
960965936
960965936
960965936
960965936
960965936
960965936
960965936
1004895776
1004895776
1004895776
1004895776
1004895776
961049488
961049488
961049488
961049488
961049488
961049488
961049488
961049488
961049488
961049488
961049488
961049488
961049488
986224352
1004686568
957201552
957201552
957201552
957201552
957201552
957201552
957201552
957201552
957201552
957201552
957201552
957201552
957201552
957201552
957201552
957201552
957201552
957201552
957201552
957201552
957201552
957201552
1004334432
1004334432
1004334432
1004334432
1004334432
1004334432
957014432
957032384
957032384
957032384
957032384
957032384
957032384
957032384
957032384
962442832
962442832
962442832
962442832
962442832
962442832
962442832
962442832
962442832
962442832
962442832
962442832
962442832
1004988992
1004988992
1004988992
1004988992
1004988992
958735064
958735064
958735064
958735064
958735064
958735064
958735064
958735064
958735064
958735064
958735064
958735064
958735064
958735064
958735064
962638920
962638920
962638920
962638920
962638920
962638920
962638920
962638920
962638920
962638920
962638920
962638920
1004202560
1004202560
957646896
957646896
957646896
957646896
957646896
957646896
957646896
957646896
957646896
957646896
957646896
957646896
957646896
1005014536
1005014536
1005014536
1005014536
1005014536
1005014536
956888080
